binned_flux_astep.dat
# %ECSV 0.9
# ---
# datatype:
# - {name: time, datatype: float64}
# - {name: flux, datatype: float64}
# - {name: ferr, datatype: float64}
# schema: astropy-2.0
time flux ferr
[from data line 778]
57932.92500001647 0.0029440333774494766 0.0012717607296403334
57932.97500001647 0.0015953788062517881 0.0015366388389346812
57933.025000016474 0.0009426557652945763 0.0018358816831800847
57933.07500001648 0.0010922316336293158 0.0019989178255495066
57933.12500001648 0.0011511064214592833 0.002069358376444977
57933.17500001648 0.001222519940205722 0.0015317210009997894
57933.225000016486 0.0015047480562591492 0.0014879133406709615
57933.27500001649 0.0013525212197271611 0.0012581114260085302
57933.32500001649 0.0020620828934209555 0.0011546070611078416
57933.375000016495 0.001947569003426901 0.0012153820016676733
57933.4250000165 0.0020129937553500623 0.0019316233931105913
57933.4750000165 0.0024393985378887225 0.0015638297918974407
57933.82500001652 0.0018355910157825275 0.0015690920067443494
57933.875000016524 0.0016407835459430564 0.0010167914848924842
57933.92500001653 0.002275388684333357 0.0024368197668695364
57933.97500001653 0.0017316409067742722 0.0014630845678968059
57934.02500001653 0.0017515273020399747 0.0015011841601847232
57934.075000016535 0.0014492820607660954 0.002837675210172954
57934.12500001654 0.0016831082198032004 0.0022202283111492373
57934.17500001654 0.0017490906746729128 0.0014445881114733636
57934.225000016544 0.001412461939398002 0.0016064670149592993
57934.27500001655 0.0009766632613534766 0.0018909908206753443
57934.32500001655 0.0013093441772581563 0.0012140200760759879
57934.37500001655 0.0017083968574091656 0.0018950250466109903
57934.425000016556 0.0012221044516630593 0.0017823614076418358
57934.47500001656 0.0012199709239445226 0.0013455641816420873
57934.82500001658 0.0009296925976250117 0.0012172882193125585
57934.87500001658 0.0007426077580704075 0.0013591273943751724
57934.925000016585 0.00222632525250709 0.0030870989470368126
57934.97500001659 0.0007044755808078151 0.001665652081426463
57935.02500001659 4.385606176577026e-05 0.001989303309621358
57935.07500001659 0.0008598478648080628 0.0022386462806048375
57935.1250000166 0.0011821212146925627 0.0020368244595941206
57935.1750000166 0.0021686137077205772 0.0024140617828439567
57935.2250000166 0.002297568759849344 0.0014716262208325898
57935.275000016605 0.0018640193939069584 0.002179334894365036
57935.32500001661 0.0026265949847944724 0.002192837600293378
57935.37500001661 0.0026069728635956186 0.0020375016312195898
57935.425000016614 0.003750014591852984 0.002244156796476038
57935.47500001662 0.0038842752953081863 0.0016890607256061243
57935.82500001664 -0.0010850069661072182 0.0010279346472351284
57935.87500001664 -0.0009821819582566849 0.0026851656180878637
57935.92500001664 -0.0007331019005427298 0.002691281603477564
57935.975000016646 -0.0006379306512259459 0.0063150616621855185
57936.02500001665 0.004445704737822958 0.005524350796030972
57936.07500001665 0.004245680758041274 0.004885746483941352
57936.125000016655 0.004368464869643929 0.00477606261143531
57936.17500001666 0.01746812060617885 0.00504853106686478
57936.27500001666 0.019633306493149292 0.005496643730226255
57936.325000016666 0.005115545405527356 0.003168136485504039
57936.37500001667 0.0028575106735424516 0.0018325899135110913
57936.42500001667 0.004067095686777029 0.0034475390355801733
57936.475000016675 0.0035545306118033417 0.0024009292602243455
57937.07500001671 0.013782734758191195 0.0062488507560031405
57937.12500001671 0.0072642495941641055 0.006737741135047363
57937.175000016716 0.008976341168182815 0.004536008141348486
57937.22500001672 0.006754028959567902 0.0036902980070294506
57937.27500001672 0.006734276342478983 0.005196223183975703
57937.325000016725 0.00904020078935374 0.0032299248568570618
57937.37500001673 0.006846129683068739 0.002537153038007487
57937.42500001673 0.00482771297840115 0.0025511513017319448
57937.47500001673 0.0044538601242320106 0.0019571955790892636
57937.87500001676 0.00284268846818434 0.0024119389467281436
57937.97500001676 0.001267207017740496 0.0015724207363061607
57938.025000016765 0.0007322499453731601 0.0018273765857950751
57938.07500001677 0.00019880522435635934 0.002112914607977536
57938.12500001677 0.0008457831154189084 0.001378534688751858
57938.175000016774 0.001105320954434525 0.0013730848507780917
57938.22500001678 0.0005854455020776928 0.0015470959015910159
57938.27500001678 0.0005940365798097768 0.0013503333491086157
57938.32500001678 0.0011822845557779974 0.0011960040944254517
57938.375000016786 0.00046430884946902455 0.0021980458233737572
57938.42500001679 0.00024298783495164576 0.0015644472896584442
57938.47500001679 0.004149077694124726 0.006919223482315929
57938.82500001681 0.00027929510680725693 0.0012243693971941457
57938.875000016815 -0.000498902050190189 0.0020665397910262376
57938.92500001682 -0.0003248925933837072 0.0012347599935677942
57938.97500001682 3.10938655554005e-05 0.0014503298470573565
57939.02500001682 -0.0007475324919818752 0.001663314365933844
57939.07500001683 -0.0008143665910300201 0.0013066585594308483
57939.12500001683 -0.0008372104395004099 0.0017550663703352117
57939.17500001683 -0.0006934619200653722 0.0020047207178805065
57939.225000016835 -3.1373481439611606e-05 0.0014974123194717985
57939.27500001684 0.001011095215019886 0.0012230764456016333
57939.32500001684 0.0013051961364380306 0.0013722643138455303
57940.075000016885 0.004553571125713529 0.0014279348546146857
57940.12500001689 0.0037726998709109033 0.0012893940394060387
57940.17500001689 0.00387241507109837 0.0034655799572249437
57940.22500001689 0.0019065323355745012 0.0037005870332921286
57940.275000016896 0.005286146853692212 0.0032116642344858786
57940.3250000169 0.006733332352910578 0.0025621162940540425
57940.3750000169 0.0038655126428298824 0.0012797769791703013
57940.425000016905 0.004306077081474887 0.0009681360529035422
57940.47500001691 0.00480793138458676 0.0009757823675927729
57940.82500001693 -0.004608513331583022 0.00172917243058694
57940.87500001693 -0.004298485230058078 0.001479022642348538
57940.925000016934 -0.005064142175156125 0.0027926108561698955
57940.97500001694 -0.005459830826694175 0.0018557021345569592
57941.02500001694 -0.005153853374586839 0.001811149407615099
57941.42500001696 -0.004946981481639403 0.0013283169092508026
57941.475000016966 -0.0020787290301602316 0.002938678940076123
57943.325000017074 0.001617875594505393 0.0016122466896811845
57943.37500001708 0.0017145438951283668 0.0018332117825074995
57943.42500001708 0.0005670830659005539 0.0015108022311756035
57943.47500001708 0.0011634036510514184 0.0015190034895852644
57944.82500001716 0.020420541820534047 0.004267500641383172
57944.875000017164 0.019851631769468102 0.005656364978085259
57944.92500001717 0.016510174245560984 0.004359204670658437
57944.97500001717 0.016812726727248633 0.003725668868628109
57945.02500001717 0.014704018665869054 0.0038430735384235434
57945.075000017176 0.01637890337451608 0.0040043187628123695
57945.12500001718 0.01693315337464568 0.0031473035727899697
57947.275000017304 0.0038699399204694066 0.0015851607122743634
57947.32500001731 0.005259421607963002 0.0013739279494363694
57947.37500001731 0.005436723021220692 0.001289490993575685
57947.42500001731 0.005120059667004825 0.0011486689232665039
57947.475000017315 0.005433870482299128 0.0019738659845349024
57947.825000017336 0.005419290425994156 0.0012380046360580441
57947.87500001734 0.005190763592612539 0.0020685254972896247
57947.92500001734 0.0050481680090981446 0.00172376354798751
57947.975000017344 0.00518029892867703 0.0014737771286446075
57948.02500001735 0.005123285544622634 0.0017642932766854188
57948.07500001735 0.0050680865832893295 0.0020690235697477487
57948.12500001735 0.005998179046106616 0.0019363585341715158
57948.175000017356 0.005504818142428258 0.0022654407903533384
57948.22500001736 0.005776201695362338 0.0020947741437796524
57948.27500001736 0.006113635943679903 0.0015098233474512912
57948.325000017365 0.005129104859881398 0.0015905390598312456
57948.37500001737 0.005517728196073627 0.0009383407394765266
57948.42500001737 0.004998721271745832 0.0015711148435596446
57948.47500001737 0.005032625719925166 0.0024467994527322006
57948.825000017394 0.005330354122929767 0.0009050659651732122
57948.8750000174 0.006270916473942405 0.0009213582946611126
57948.9250000174 0.00639047767604268 0.001541981152974486
57948.9750000174 0.006891355945628795 0.0012827432490573859
57949.025000017406 0.00698071862974838 0.0016812714538092558
57949.07500001741 0.007194014148745258 0.002937242375377279
57949.12500001741 0.008042357880846463 0.002134735351886043
57949.175000017414 0.007298745775569003 0.0017462629534127207
57949.22500001742 0.007246661931814465 0.0016442577519716933
57949.27500001742 0.008981204838415096 0.0035513712023057253
57949.32500001742 0.007023889144686111 0.0011361726061929938
57949.375000017426 0.006666293210101625 0.0014213735655972876
57949.42500001743 0.0073006622927020886 0.0017486880482694633
57949.47500001743 0.00715401386406575 0.0013385701141711366
57949.82500001745 0.00125044472608955 0.001549130003903108
57949.875000017455 0.00307946956569038 0.0063847686213234995
57949.92500001746 -0.0004310167355394556 0.0015975098787503127
57949.97500001746 0.004748995453561614 0.0033203919505104076
57950.025000017464 0.012691743802519617 0.00295468012107092
57950.07500001747 0.01517227789446056 0.002744683914138326
57950.12500001747 0.016439487023667102 0.0027291119135051294
57950.17500001747 0.015395345562065663 0.001973962611420914
57950.225000017475 0.015699857392245962 0.002636747944978551
57950.27500001748 0.016156780589192007 0.001872062713298431
57950.32500001748 0.01465339333306124 0.00162926260399503
57950.375000017484 0.014862351766751042 0.002544800721853155
57950.42500001749 0.014025777356959025 0.002427413203422159
57950.47500001749 0.014743531944781002 0.0012976430577966143
57950.925000017516 -0.004201903951272211 0.004390895231895261
57950.97500001752 0.003355805353560071 0.00594405846383864
57951.02500001752 0.013933134638730554 0.004856104190021296
57951.075000017525 0.014951860873493572 0.003615167340424809
57951.12500001753 0.015011174047682896 0.003923039359306277
57951.17500001753 0.01745211122977266 0.003069977736527244
57951.22500001753 0.016659108939170643 0.0025443237126307775
57951.27500001754 0.016617742637386804 0.0028205514093356567
57951.32500001754 0.01568981655501779 0.0029560355679202704
57951.37500001754 0.015186576710106934 0.002739410369248068
57951.425000017545 0.013873090236330056 0.0031490045066152467
57951.47500001755 0.015144823225670534 0.002488924022626743
57951.87500001757 0.008779999859852955 0.005813744153173372
57951.925000017574 0.00471612020581291 0.0016909940375602049
57951.97500001758 0.003974275428894769 0.002184005795626003
57952.02500001758 0.005304984874389052 0.0027524894018489195
57952.07500001758 0.006549942299418758 0.001416989044753339
57952.125000017586 0.006985220254602127 0.0021571690344117473
57952.17500001759 0.007285681696619645 0.0019670319465769997
57952.22500001759 0.010001125812899492 0.005320172890516903
57952.275000017595 0.007580745193233753 0.002236231772364624
57952.3250000176 0.007116757180117663 0.0018791552751475041
57952.3750000176 0.007283412618497427 0.001993676080084465
57952.4250000176 0.007191386557083443 0.0020880704928809652
57952.47500001761 0.006224994924698768 0.0013720639723159278
57952.87500001763 0.00563968119263512 0.005370516447404459
57952.92500001763 0.009447025359310659 0.004526844733561534
57952.975000017635 0.01033702485876231 0.003758677051741197
57953.02500001764 0.012052060686243232 0.004707386022975704
57953.07500001764 0.014306794855737668 0.004159395799948023
57953.17500001765 0.01623079706098067 0.0036924677153596075
57953.22500001765 0.015288664248733964 0.0032594123144275055
57953.27500001765 0.01498343047850502 0.0016834611042579931
57953.325000017656 0.013930566450893132 0.0014999487187278594
57953.37500001766 0.014411202642954354 0.002004138380547495
57953.42500001766 0.01404635094496984 0.0020731972564091714
57953.475000017665 0.014336879236228043 0.002024407812420765
57953.87500001769 0.009883960968897735 0.0014939616655257225
57953.92500001769 0.009433981609765996 0.0024696388509142563
57953.975000017694 0.01044031804817509 0.0018898053617902406
57954.0250000177 0.012591345339345672 0.00218956600962727
57954.0750000177 0.012644750950762123 0.003328777616318046
57954.1250000177 0.012943751124670055 0.0023437048850244568
57954.175000017705 0.01181204860123051 0.0018045352718792861
57954.22500001771 0.01171187990412082 0.002789484033220456
57954.27500001771 0.010904173817262044 0.0025280531443132785
57954.325000017714 0.010023058489200945 0.0021821810060323756
57954.37500001772 0.00869114956320744 0.003916459052905167
57954.42500001772 0.010709003299581873 0.003665990941865621
57954.47500001772 0.012040140402059973 0.003173880179576475
57958.87500001798 0.009358058410519914 0.0017370217205883234
57958.92500001798 0.012681303652387533 0.0050655319286628
57958.975000017985 0.012561015631406991 0.0028631921352062126
57959.02500001799 0.01254169848241355 0.0018266065853888376
57959.07500001799 0.014255250129459076 0.0026280393458575782
57959.12500001799 0.014095220660398377 0.002450584442706796
57959.175000017996 0.015099078873001067 0.003390183526286186
57959.225000018 0.014922855738188223 0.0023330118614381286
57959.275000018 0.015152368940285493 0.0024456433789680184
57959.325000018005 0.01510049028848041 0.0025052323366342418
57959.37500001801 0.015080772612228491 0.0024152106325076566
57959.42500001801 0.0144150541581237 0.002090948808929021
57959.475000018014 0.01609376936303103 0.0016817780323703177
57959.87500001804 0.011199924602008292 0.005623145808774957
57959.92500001804 0.01231785745171368 0.002505739600779891
57959.97500001804 0.016323291886462192 0.002914369229580431
57960.025000018046 0.013037448157580045 0.0036168494950404337
57960.07500001805 0.010730992255308203 0.00182419972448564
57960.12500001805 0.011311096164831969 0.0017962956486149738
57960.175000018055 0.011509874229603598 0.0022128176053498117
57960.22500001806 0.01358245138132549 0.002861442419634503
57960.27500001806 0.00962854322720629 0.001993307948478666
57960.32500001806 0.010144158577407657 0.0010924687093863878
57960.375000018066 0.010121641479576199 0.001257453081417905
57960.42500001807 0.01047553490025349 0.0013486995822318065
57962.87500001821 0.008616742840258339 0.003129543704065237
57962.925000018215 0.00850421018100304 0.0018927475727311528
57962.97500001822 0.009313298520327511 0.002160237691198876
57963.02500001822 0.009134122318737456 0.001552889585379036
57963.07500001822 0.008755433556009946 0.0015766645900305797
57963.125000018226 0.008084343547836447 0.0018213224304163543
57963.87500001827 0.005070231015793017 0.0016875616122302424
57963.92500001827 0.004962242905063331 0.0015211226598843815
57963.975000018276 0.0053275691807281745 0.0021109309561301083
57964.02500001828 0.006225296943225753 0.001601416089657533
57964.07500001828 0.006631031786455877 0.0011967380050930865
57964.125000018284 0.006184521675580556 0.0017790101191564598
57964.87500001833 0.00505091646688472 0.0012866444402652294
57964.92500001833 0.00516612735492325 0.0016171362192628357
57964.975000018334 0.00573931665210554 0.0023206160088194185
57965.02500001834 0.00665818340287105 0.0019324968670476844
57965.07500001834 0.006270661865737036 0.0015746794129186785
57965.12500001834 0.006213974648918088 0.0025576142525975416
57965.875000018386 0.010007480923236785 0.0017135936855810544
57965.92500001839 0.009911297937831996 0.0026481771426238297
57965.97500001839 0.009840757462191143 0.0022719865590143024
57966.025000018395 0.010388183434118707 0.0015226782835017492
57966.0750000184 0.010180684056360016 0.0018563038350343916
57966.1250000184 0.01136637441879272 0.001845547001232298
57966.175000018404 0.01172145612392496 0.0027115282334945158
57966.22500001841 0.012133390676505488 0.0016616522935017245
57966.27500001841 0.011925118435826366 0.001613386727032687
