binned_flux_astep.dat
# %ECSV 0.9
# ---
# datatype:
# - {name: time, datatype: float64}
# - {name: flux, datatype: float64}
# - {name: ferr, datatype: float64}
# schema: astropy-2.0
time flux ferr
[from data line 521]
57907.275000014975 0.0056060883130677605 0.0012924816947317873
57907.32500001498 0.005631435210546116 0.0018383086883601901
57907.37500001498 0.006013181131180057 0.001905406844355845
57908.02500001502 0.002790139000686968 0.0018133808519087832
57908.07500001502 0.001461657533956977 0.0014764970928416961
57908.125000015025 0.0011171563409390595 0.0023360519284373544
57908.17500001503 0.0021359438477301777 0.0021244290463721138
57908.22500001503 0.0029362098068493213 0.0017041936306000686
57908.27500001503 0.004075345919258466 0.0016399688817830573
57908.32500001504 0.004006222840321252 0.001796367053622834
57908.37500001504 0.0037463763143386606 0.001282794117260529
57908.42500001504 0.0037790888984169098 0.0015616617242789927
57908.475000015045 0.0035372489953268927 0.0025950519112555854
57908.825000015066 0.0007688208745730551 0.0010505942841452032
57908.87500001507 0.00021051690867367924 0.0012209590683184032
57908.92500001507 0.00037603333537662844 0.0013311512825250834
57908.975000015074 2.381452513626758e-06 0.0012460706193647354
57909.02500001508 0.00013799095456276612 0.001652421863706581
57909.07500001508 -0.00010124845685968121 0.0016566679307360433
57909.12500001508 0.0007200373073749318 0.0017703006431507625
57909.175000015086 0.0006059539288874191 0.002353355949654063
57909.22500001509 0.001229085471949532 0.0022653713411208455
57909.27500001509 0.0009441388443379194 0.002143125127766836
57909.325000015095 0.001839154546621712 0.0018114008904242663
57909.3750000151 0.0021591620038604533 0.001661625132836535
57909.4250000151 0.0019843101746752144 0.0017181175471818408
57909.4750000151 0.0020143823051416826 0.0012218169783924076
57909.825000015124 0.004288428764509694 0.002420749207925449
57909.87500001513 0.004338348899130882 0.002512876109744035
57909.92500001513 0.004128614214665003 0.0022796253780109628
57909.97500001513 0.0032713570211037233 0.002518256752212519
57910.025000015135 0.0006250346154651929 0.0020410695480219524
57910.07500001514 0.00034156493266545906 0.0017894869539055909
57910.12500001514 -0.00041521963762921997 0.001983462761522755
57910.175000015144 0.0001342676602688986 0.001969273450077964
57910.22500001515 0.0006057513651711475 0.002346169980843392
57910.27500001515 0.002360351822959908 0.002249015135690981
57910.32500001515 0.0011161136393801193 0.002054223823200429
57910.375000015156 0.0014573688142978576 0.0018547206582895154
57910.42500001516 0.00221124536601951 0.0024904041712380007
57910.47500001516 0.003369810271934655 0.0023749874479275907
57910.82500001518 -0.0009000968287702937 0.0018076448792481868
57910.875000015185 -0.001083685873201512 0.0023139380443468055
57910.92500001519 -0.0018950684798056633 0.0025575585085109783
57910.97500001519 -0.00028423083744473173 0.0017284489188900876
57911.025000015194 -0.0004806335210743346 0.0013934724119696045
57911.0750000152 -0.0011510360594851209 0.0018644520363650773
57911.1250000152 -0.0003662440307829756 0.0019481520459123552
57911.1750000152 -0.00045925753386960247 0.002303133287172067
57911.225000015205 -0.00033649076937242764 0.0018791581612019612
57911.27500001521 -0.00025474032447424423 0.00153193926612489
57911.32500001521 0.00025004046736277395 0.0012297938095439664
57911.375000015214 -0.00011904789828675021 0.0012937702873856026
57911.42500001522 0.0006552860344591371 0.0013655243921328868
57911.47500001522 0.0005461257792411461 0.0013224042673448068
57911.82500001524 -0.0030305287837241015 0.0016071300681626333
57911.87500001524 -0.0027541334058146104 0.002082811316158404
57911.925000015246 -0.0022815843667407954 0.0013830953478385752
57911.97500001525 -0.002859404926821095 0.0016955897805010325
57912.02500001525 -0.0025499820547268282 0.002259644635035938
57912.075000015255 -0.0018391645272151963 0.0015962666224687754
57912.12500001526 -0.0017677636094190258 0.0019097692961327086
57912.17500001526 -0.0010506332026028217 0.0016973836326932019
57912.22500001526 -0.0015895985907974919 0.0017751567309905797
57912.27500001527 -0.0010288251526136712 0.0019053826325583973
57912.32500001527 -0.00020480994999766956 0.0015588700433440347
57912.37500001527 0.00012937025694307992 0.001335801792419361
57912.425000015275 0.00045864513234596685 0.0015381729892488822
57912.47500001528 0.0003877472840682949 0.0020199101285823026
57912.8250000153 -0.0031369571811337518 0.0013131896107783532
57912.8750000153 -0.0030589707355815504 0.0012321185997953349
57912.925000015304 -0.0036202713002288964 0.0011142784308698288
57912.97500001531 -0.0035035776641108066 0.0025603486142687063
57913.02500001531 -0.003661288497476133 0.0016396132841766879
57913.275000015325 -0.002026308825058403 0.0012094656821564267
57913.32500001533 -0.0008049590992005923 0.0016309891740116567
57913.37500001533 -0.0008669222953675652 0.0010262229510037426
57913.42500001533 -0.0004425126575398017 0.001447860516600437
57913.475000015336 -0.0015800347004691876 0.0018108270721266518
57913.82500001536 -0.004884493413898358 0.0012018490762789982
57913.87500001536 -0.005794668001092291 0.0011732611589612741
57914.37500001539 -0.0015736723516095036 0.0016033757414384993
57914.42500001539 -0.002263533237335529 0.0018067843941496882
57914.475000015394 -0.0017000232204183452 0.0006425645655688887
57914.825000015415 -0.003810399521548289 0.0010493158651411353
57914.87500001542 -0.003102689383795996 0.0010759683579627138
57914.92500001542 -0.003010751597675272 0.0009092872095546094
57914.97500001542 -0.003087168769164946 0.0009692215162612711
57915.02500001543 -0.002619014883726432 0.0020129061391624442
57915.07500001543 -0.002587419685364901 0.001373474807065238
57915.12500001543 -0.0020164445559471833 0.001766664025553034
57915.175000015435 -0.002540917199436036 0.0015163583611344815
57915.27500001544 -0.0014550147033658867 0.0010953839771859115
57915.325000015444 -0.0008874555061698996 0.0016264345005099561
57915.37500001545 -0.0010516747971168897 0.0020772233206510496
57915.42500001545 -0.0003582493036958376 0.0007945037524580505
57915.47500001545 -0.000605596713444376 0.0010328230156530103
57915.82500001547 -0.0010469830147114595 0.0016946781315386715
57915.875000015476 -0.0016080992128332432 0.001214289743450688
57915.92500001548 -0.0017461947985447737 0.0015024339621600318
57915.97500001548 -0.0017700458104542218 0.0019943572729119894
57916.025000015485 -0.002419566352785725 0.0016879917543405811
57916.07500001549 -0.0019311590028987479 0.0019975016252663574
57916.12500001549 -0.0014817058739678504 0.0013936768833812598
57916.17500001549 -0.0013172345146577813 0.002043468604626982
57916.225000015496 -0.0013183126503174946 0.0015020433240118566
57916.2750000155 -0.001342756063981263 0.0018245427081827208
57916.3250000155 -0.0010290126971802891 0.0022908697417176557
57916.375000015505 -0.0005244857345638732 0.0015999898900177145
57916.42500001551 -6.881963881087305e-05 0.0018351963266465662
57916.47500001551 -5.100496541157462e-05 0.001540021157205233
57916.82500001553 -0.00046596964259276155 0.0007871920271522924
57916.875000015534 2.0100545146478066e-05 0.001044237080979622
57916.92500001554 -0.0004926400829179366 0.0013238958759019751
57916.97500001554 -0.0015535835386252046 0.0016164040179591106
57917.02500001554 -0.0008855378657860934 0.001889998410345653
57917.075000015546 -0.0014727127887502608 0.0016844293647396021
57917.12500001555 -0.0011161392986620124 0.002220306267457722
57917.17500001555 -0.0014536328613102012 0.0013932059501100876
57917.225000015555 -0.0015735883132412462 0.0013552572128900137
57917.27500001556 -0.001002128054120084 0.0023518086550116763
57917.32500001556 -0.0007803538896087574 0.0018888273981159936
57917.37500001556 -2.3603236820907147e-05 0.0023789119298195964
57917.425000015566 0.0005771709993444787 0.0018515507171367406
57917.47500001557 -8.335189085803348e-05 0.0020785794024005726
57918.275000015616 -0.004167346966228342 0.0030054216980020003
57918.32500001562 -0.0012996775191886911 0.004871550089257632
57918.37500001562 -0.0024194362181440476 0.0025524575836016364
57918.425000015624 -0.001998792351707173 0.0017176400543918347
57918.47500001563 -0.002001319117086897 0.0013081119838578073
57918.82500001565 0.0021724455011936043 0.0012660503068006959
57918.87500001565 0.001522108028884881 0.0015769896138684782
57918.92500001565 0.001288255760666254 0.0016430485074332398
57918.97500001566 0.0015974731811406627 0.0021235720841130353
57919.02500001566 0.0015308100918702623 0.0023342020677658945
57919.07500001566 0.0011657676368420412 0.0020936047445527855
57919.125000015665 0.001316954948455751 0.0031266058349441964
57919.17500001567 0.0025667473275141333 0.002826720159212292
57919.22500001567 0.0036805072934019663 0.002691873836101633
57919.275000015674 0.004910175405063636 0.00265406973611738
57919.32500001568 0.004221937561810098 0.002096209399460018
57919.37500001568 0.002153860567847573 0.002260419536151547
57919.42500001568 0.0021451273302224958 0.0017651784091466372
57919.475000015686 0.001169829488737803 0.001461005694382904
57920.825000015764 0.0006224458333492643 0.0012669396028051967
57920.87500001577 0.00026946741919813824 0.0011660826777317264
57920.92500001577 -0.0004097442696907941 0.0016601434425906091
57920.97500001577 -0.0008680620542441202 0.002063754997996912
57921.025000015776 -0.0015471067828241015 0.0014554007748758854
57921.07500001578 -0.0011467877780621735 0.0009659266983695234
57921.12500001578 -0.0012888691064987267 0.0013267243340499715
57921.175000015784 -0.0008758511113541956 0.001071897660531906
57921.22500001579 -0.0008089555866993448 0.0021023196813601706
57921.27500001579 2.4241004653697336e-05 0.0015838880021152872
57921.32500001579 0.0006844654484340548 0.001608215727483849
57921.375000015796 2.4109143746534894e-05 0.0010120808743692964
57921.4250000158 -5.694307936194853e-05 0.0014554476942368164
57921.4750000158 -0.0002476337004846555 0.0011284470791779401
57922.07500001584 0.0020524101460983554 0.0019529080003261156
57922.12500001584 0.0006646501684285922 0.0012316945734118048
57922.17500001584 0.00030999222505790903 0.0015783483714896798
57922.225000015846 -5.257489583242362e-05 0.001859334520293605
57922.27500001585 0.0017109749201937308 0.0016195675584978625
57922.32500001585 0.0013489567459651455 0.0016594205730482401
57922.375000015854 0.0016704552928389494 0.0010639760084347537
57922.42500001586 0.0013491308605612143 0.0010659097785725468
57922.47500001586 0.0014959756049247083 0.001357081374524052
57922.925000015886 -0.0005656660272767424 0.00189772300308911
57922.97500001589 0.00011136922731636245 0.0015731022829626913
57923.02500001589 -0.0007400807160279746 0.001651661864917898
57923.075000015895 -0.0003441895573418798 0.0015993378859506142
57923.1250000159 0.0005737398895631415 0.0018934800624574124
57923.1750000159 -0.0008608706404766723 0.0026031362812571563
57923.225000015904 0.00047039844572593697 0.002996605079657759
57923.27500001591 0.00047781393532757695 0.001433145608717251
57923.32500001591 0.000535546184497473 0.0023415089932863234
57923.37500001591 0.0008077852144593946 0.0017898112054594872
57923.425000015915 0.0008664826587128452 0.0012062683717766237
57923.47500001592 0.0007641092278585958 0.0012856753119855212
57923.82500001594 0.0050490931260222215 0.00200415881435561
57923.87500001594 0.0020601252531977665 0.0019752862268674304
57923.925000015945 0.0012316106773143853 0.0020045769809708095
57923.97500001595 0.00032139062338567295 0.0027343830379580893
57924.02500001595 0.0005540103193185802 0.0017904722070670026
57924.07500001595 0.00023151310953191422 0.0018619295424632484
57924.125000015956 4.136945935900751e-05 0.0017084425804033622
57924.17500001596 0.0011250558849389609 0.0022855925260503412
57924.22500001596 0.0006726955947091228 0.0017408167347877006
57924.275000015965 0.0012929405703330102 0.0015520887929032893
57924.32500001597 0.0017693166722943389 0.0013899561810313242
57924.37500001597 0.0019324435375436754 0.0009772520594543246
57924.42500001597 0.0021638756690308225 0.0011013649112641259
57924.47500001598 0.002328759683978522 0.001975143298799584
57924.975000016006 0.0018119808354337315 0.0018557993461007516
57925.02500001601 0.0012358398192168483 0.0015913953789775572
57925.07500001601 0.0006375910628113688 0.0018864427115987598
57925.125000016014 0.0008960703394501286 0.0018842680364335438
57925.17500001602 0.0007811482829318321 0.0015341455351296036
57925.22500001602 0.001519321787169462 0.001793821896451159
57925.27500001602 0.001530541659583422 0.002465117419613586
57925.325000016026 0.0015673888259280266 0.0013768770473004842
57925.37500001603 0.001616201031910716 0.001134843019424257
57925.42500001603 0.0010938565245808953 0.0018028140329888875
57925.475000016035 0.0007196786835220807 0.0013076683931688969
57925.92500001606 0.00350644275978067 0.0021696426291318138
57925.975000016064 0.0012231428888963792 0.0018105656194066704
57926.02500001607 0.0011170344678794674 0.0015907439174495854
57926.07500001607 0.0017737131864441968 0.0018580774325968733
57926.12500001607 0.0020433050969856747 0.0023691370406853022
57926.175000016076 0.0024707808368245 0.0017636186341896864
57926.22500001608 0.0017154662331649556 0.0019588205889348007
57926.27500001608 0.0029652434863847634 0.0020773683943942625
57926.325000016084 0.0017217607280014013 0.00192655954306448
57926.37500001609 0.0024389332280034814 0.0017090698919966787
57926.42500001609 0.0014815256597692642 0.0015427463961254096
57926.47500001609 0.001387450071875382 0.0016080464113052432
57926.82500001611 0.0009062467104422692 0.0016874859033171347
57926.875000016116 0.0010054294384033398 0.002302336337208302
57926.92500001612 -0.00010293221058990776 0.0016791827555676586
57926.97500001612 5.812638559774763e-05 0.0013115891700954724
57927.025000016125 0.00032191440668291333 0.0011408173740696374
57927.07500001613 0.0007177259716737972 0.001184102701991376
57927.12500001613 0.0018533175075214619 0.0017447077775588277
57927.175000016134 0.0016417802492644197 0.0020270175764849313
57927.22500001614 0.0019746848476102676 0.0017011005218943926
57927.27500001614 0.002926145801395671 0.002258501987875334
57927.32500001614 0.0022755337989854656 0.0014855964582883787
57927.375000016145 0.002527563093261057 0.0012946828502682858
57927.42500001615 0.0016226965689838434 0.0011912796185861363
57927.47500001615 0.0008403148349208916 0.0017139812267539718
57927.97500001618 -0.0004382492001330097 0.002583558290937478
57928.02500001618 -0.0021194321549352375 0.0014567922624402635
57928.075000016186 -0.0013552557774845421 0.0014779812536351382
57928.12500001619 -0.002447085978857096 0.0016760476686312315
57928.17500001619 -0.0016415556610552458 0.001678159893541505
57928.225000016195 -0.0029089531651848087 0.0023460224090947447
57930.87500001635 -0.000267731530936072 0.0021872181810078427
57930.92500001635 0.00037774749364637405 0.0014266227673286616
57930.975000016355 -0.0017383113211792444 0.00178502241378201
57931.02500001636 -0.0013366526715550254 0.001995298646670462
57931.07500001636 -0.001678151174394178 0.002267696700929966
57931.12500001636 -0.0008534807417883749 0.0021393230940750315
57931.17500001637 -0.00039234885851110237 0.0021061315194526964
57931.22500001637 -0.00027898644658361606 0.0019370598377786053
57931.27500001637 0.0023689177197904893 0.006428377339337909
57931.37500001638 0.0008624324980964322 0.0021122083480179356
57931.42500001638 -7.513770874308712e-05 0.0015985200219471958
57931.475000016384 -0.00033893942532813205 0.0015617330266902753
57932.175000016425 0.0005539084911979739 0.002129525153035622
57932.22500001643 -5.052985166938084e-05 0.001563504148419362
57932.27500001643 -7.956315282260678e-06 0.0016706876921824356
57932.32500001643 7.648130841504986e-05 0.0013875662182005664
57932.37500001644 0.00010751934837800328 0.0008466176704040395
57932.42500001644 0.0006976390112062137 0.0019852784693881044
57932.47500001644 0.006733155923479628 0.006485869385310423
57932.82500001646 0.002860840589097057 0.0015418274806695798
