binned_flux_bring.dat
# %ECSV 0.9
# ---
# datatype:
# - {name: time, datatype: float64}
# - {name: flux, datatype: float64}
# - {name: ferr, datatype: float64}
# schema: astropy-2.0
time flux ferr
[from data line 785]
58075.32500002476 -0.007747118787803663 0.0035892562520231665
58075.825000024786 -0.0077858176065661085 0.008148492291183482
58075.92500002479 -0.027281243197123814 0.005662390700551895
58075.975000024795 -0.005258884648312996 0.006224149473920079
58076.0250000248 -0.0017157041259488342 0.002036821503990442
58076.0750000248 -0.00448071099669727 0.003974620994859925
58076.125000024804 -0.002111502419067594 0.006423278690042413
58076.17500002481 -0.001260233315707869 0.005687757827382603
58076.22500002481 -0.004164106655816416 0.0048919489261917875
58076.27500002481 -0.0041621287909152736 0.003900747531243968
58076.325000024815 -0.0060514670249582625 0.004099161545091503
58077.025000024856 -0.0029059306763909655 0.003232977759589006
58077.07500002486 -0.004322262298314538 0.0045349228299226
58077.12500002486 -0.007247489110673215 0.004292419327560979
58077.175000024865 -0.006011825003290494 0.002498707084186974
58077.22500002487 -0.003795248715500239 0.0027373068953609795
58077.27500002487 -0.008015805008049739 0.0063105309662296084
58077.32500002487 -0.008173055101211442 0.006266574583702723
58078.07500002492 -0.006847358559470246 0.004241643258686814
58078.12500002492 -0.004632308627731554 0.0037266226037499816
58078.17500002492 -0.008417903189647066 0.0022864730071687615
58078.225000024926 -0.0072254337990140804 0.003344808806101317
58078.27500002493 -0.006545263008470399 0.005864846555742043
58078.32500002493 -0.012704966088653003 0.0065201929333469095
58079.075000024975 -0.0048196876083781105 0.004058944059194542
58079.12500002498 -0.007646815290298624 0.004367716412109406
58079.17500002498 -0.005159456491940606 0.0022287059239948005
58079.225000024984 -0.004566970518266156 0.0018829589868965089
58079.27500002499 -0.009161971587797345 0.0032451491971881652
58079.32500002499 -0.007984142394014387 0.003481181984002658
58079.82500002502 -0.012890996274337959 0.004342526819776643
58079.925000025025 -0.03347914330403417 0.0069318843372075944
58080.02500002503 0.0002640405915173745 0.00327645122862087
58080.075000025034 -0.01036068896396797 0.007606700020599998
58080.12500002504 -0.004050735057933476 0.0042200925859741945
58080.17500002504 -0.003698941661158389 0.0028771697208241844
58080.22500002504 -0.006323924415773626 0.002628228438898055
58080.275000025045 -0.005606499754211099 0.0019954270824307113
58080.32500002505 -0.008802809174786312 0.0041148104900916626
58080.82500002508 -0.009867284553429929 0.004919463264677738
58080.87500002508 -0.02346624596594027 0.008479525559459678
58080.92500002508 -0.02717695029235637 0.005760431105234461
58080.975000025086 -0.0046470211639787875 0.007129705609956856
58081.07500002509 -0.003080902674029874 0.003636696873104293
58081.125000025095 -0.008041278228076449 0.003332577375138975
58081.1750000251 -0.006267953801702873 0.002026623257534287
58081.2250000251 -0.004954284411813909 0.0027172701477922536
58081.2750000251 -0.007179173442871516 0.0034897899888590147
58081.32500002511 -0.009502940444874609 0.004802035298534519
58081.825000025136 -0.012434007658649913 0.005074592591605939
58081.87500002514 -0.013144116404529829 0.006895025428425612
58081.92500002514 -0.022640191360808415 0.009668136735663706
58082.07500002515 -0.00764456540331845 0.002280240098929625
58082.12500002515 -0.007096468641181781 0.0043527823723681835
58082.175000025156 -0.0039733246019639686 0.003502876712489997
58082.22500002516 -0.004963467740974543 0.0024988216558368688
58082.27500002516 -0.005709232956485526 0.003875702363328393
58082.325000025165 -0.008370954494118659 0.004626697547826709
58082.9750000252 -0.003926792386852877 0.002673568931411519
58083.025000025205 -0.0026992695794946548 0.002909048795931316
58083.07500002521 -0.005348781633731007 0.003837719214189553
58083.12500002521 -0.006461757883170176 0.0017245703050488453
58083.175000025214 -0.005227810333112209 0.0025220970127430875
58083.22500002522 -0.0027793794393303284 0.0032190620316346788
58083.27500002522 -0.004817205001675424 0.0033232353765630406
58083.32500002522 -0.005652152990232427 0.003193591817147498
58083.82500002525 -0.0011573727010007002 0.007997215299947966
58083.97500002526 -0.0035989363792564115 0.007995039501150466
58084.02500002526 -0.002781474277425894 0.0010580343616074454
58084.07500002527 -0.0017711352876258885 0.0025621926612038413
58084.12500002527 -0.002945990910727396 0.002563988046579225
58084.17500002527 -0.0048210040671157126 0.0015268658964343435
58084.225000025275 -0.002577302008437865 0.0007351003071195378
58084.27500002528 -0.002428525154994456 0.00189086159332676
58084.32500002528 -0.00517572698813062 0.0021785676143019086
58084.82500002531 0.0016236610904124854 0.005559790838937554
58084.87500002531 -0.001045037334779393 0.008730104068072037
58084.925000025316 -0.008983249832365765 0.00976783959842351
58084.97500002532 -0.00401681151446745 0.0047068625870992946
58085.02500002532 -0.0005615288760724318 0.0031468056501298353
58085.075000025325 -0.0048489540959952135 0.003319731044675151
58085.12500002533 -0.00208926302115582 0.0019494279298727668
58085.17500002533 -0.003491293843430293 0.004227152847016996
58085.22500002533 0.0008815617778165599 0.0041734147990290975
58085.275000025336 -0.005002457557392996 0.004211706413948882
58085.32500002534 -0.0041177272443422685 0.004303341704127701
58085.82500002537 -0.004569651319428237 0.0050330975637096565
58085.87500002537 -0.003553321062321817 0.005815278573704207
58085.925000025374 -0.0007580263756862549 0.0023591856616881437
58085.97500002538 -0.0034927781244273445 0.0027351726703540276
58086.02500002538 -0.0018401884337907618 0.004051607812618872
58086.07500002538 -0.002450656357477899 0.0024441460737562736
58086.125000025386 -0.0014768278978870247 0.0021083058082641817
58086.17500002539 -0.0017124165280579878 0.003006103251389977
58086.22500002539 -0.002099118072288004 0.004671933874813713
58086.275000025395 -0.004505949863763506 0.003938880740150673
58086.3250000254 -0.001800095696688613 0.0024345505104114117
58086.82500002543 -0.0025036788407258957 0.007350265571226195
58086.87500002543 0.0011600597130402607 0.006296838554702706
58086.92500002543 -0.0005560668166862265 0.005208629385424587
58086.975000025435 -0.0013060117667889695 0.0027676758444728
58087.02500002544 -0.00526916011954406 0.005051697430088581
58087.07500002544 -0.0016731780136846972 0.004893176187660841
58087.125000025444 -0.001581493718611818 0.003940657040859415
58087.17500002545 -0.0014100408546560473 0.0047680740736313525
58087.22500002545 -0.0046826298389738685 0.0036463334290120215
58087.27500002545 -0.003060468961156859 0.0027873385067882428
58087.325000025456 -0.0020608853623359743 0.005093991504110878
58087.825000025485 -0.005043273520483906 0.00840377712400405
58087.87500002549 0.00032177936199638345 0.007681447574511351
58087.92500002549 0.002824144017799558 0.003360260034406679
58087.97500002549 -0.003407880188495503 0.0027356533912145805
58088.0250000255 -0.007885018260901173 0.0026130159504010597
58088.0750000255 -0.006065859498315386 0.003770291494838145
58088.1250000255 -0.0006504326611598688 0.0029316728289159677
58088.175000025505 -0.00351550673917206 0.004485442905967972
58088.22500002551 -0.0024145948905268323 0.0031572862641147258
58088.27500002551 -0.003737628491907032 0.003484574976379583
58088.325000025514 -0.002503436062907693 0.0033011396429452103
58088.875000025546 -0.009413420981380871 0.00599742220176564
58088.92500002555 -0.008990322543346516 0.0062839959487588845
58088.97500002555 -0.004618956608767655 0.004040109704792812
58089.025000025555 -0.0007212410669176296 0.0047461407086368855
58089.07500002556 0.009664035844533413 0.0024583241151691286
58089.27500002557 -0.002264631573926257 0.002176113365826835
58089.32500002557 -0.006621382925213066 0.00226098514947248
58089.8250000256 -0.012441811446722977 0.00823485950476034
58089.875000025604 -0.017265751756328572 0.008209319182017644
58089.97500002561 0.0054895144387272325 0.002846201558424352
58090.02500002561 0.005687947472993147 0.0070282206131734555
58090.075000025616 0.011808046557288102 0.004677738299547525
58090.12500002562 -0.00036171131313260895 0.002600384441863598
58090.17500002562 -0.003099000025222856 0.005687937766024131
58090.225000025624 -0.00667158931102467 0.0030095990102570252
58090.27500002563 -0.008492007534521421 0.004224483910291464
58090.32500002563 -0.007582891984738747 0.004292141199149219
58090.52500002564 -0.005698039145023998 0.004431491528863446
58090.575000025645 -0.007331384669991897 0.002863259524323674
58090.62500002565 -0.0015964108424805223 0.002564721766594448
58090.67500002565 -0.006524772351325711 0.0030326247489793927
58090.87500002566 -0.020960158050057392 0.003810212432861092
58090.925000025665 -0.01071373526796685 0.007740963278702598
58090.97500002567 -0.0034244976365900054 0.003102087536340291
58091.02500002567 -0.0036770402305964732 0.007349623580421762
58091.075000025674 0.0043724305361697025 0.00981781174827119
58091.12500002568 -0.0036203823761772652 0.006334556020159809
58091.17500002568 -0.003525281778730001 0.002199397490092714
58091.22500002568 -0.0024796385163493345 0.003049536721703115
58091.275000025686 -0.0038017285043132976 0.0023215126790139345
58091.32500002569 -0.003152745742957924 0.002976617868795553
58091.5250000257 -0.0037719619805220506 0.006769787268973689
58091.5750000257 -0.0021567903108108675 0.002885375830848547
58091.625000025706 -0.0024205428110750157 0.002634239000745947
58091.67500002571 -0.008549115331368774 0.0016938646236130533
58091.72500002571 -0.01827039669554324 0.002939572096668769
58091.82500002572 0.002574979413522166 0.002338213878261218
58091.87500002572 -0.0032233282405357056 0.0056761277552774755
58091.92500002572 -0.008112768787903263 0.005012862492802822
58092.07500002573 -0.008949879178835501 0.008362272784223324
58092.125000025735 -0.00514279763073031 0.00404973924620511
58092.17500002574 0.0006940882667670685 0.0034518757722837865
58092.22500002574 -0.00015457169010636173 0.0043341828752044296
58092.275000025744 -0.0023171535392746915 0.0032376781586437066
58092.32500002575 -0.0017325503460204723 0.003804334799865487
58092.52500002576 -0.006826414232424828 0.004619224941786759
58092.57500002576 -0.006140702015206889 0.0039285842116565575
58092.625000025764 -0.00020648483604596146 0.002245649899572119
58092.67500002577 -0.004609108306236684 0.005075780630516508
58092.72500002577 -0.016279598430070485 0.0028886469204095766
58092.825000025776 -0.005049679098682813 0.008399801029542792
58092.87500002578 -0.0018410598986648217 0.007601322562113823
58092.92500002578 -0.008397488828363529 0.007693958435933784
58092.975000025785 -0.004921112336327194 0.003004184125328671
58093.07500002579 -9.973502719744694e-05 0.005108592824975913
58093.12500002579 -0.0027314530909450063 0.006153473252969215
58093.175000025796 0.0029666728375639345 0.0046690374412665745
58093.2250000258 -0.0016080551177204245 0.003816152972251147
58093.2750000258 -0.0038895430301565913 0.0048243728663473736
58093.325000025805 0.0014067018613015897 0.0026760548807405224
58093.675000025825 -0.003919533003808422 0.0029189611874099065
58093.72500002583 -0.0075279462242534125 0.0027986730676396575
58093.97500002584 -0.00029298123052309437 0.004925851879381578
58094.025000025846 0.0038356081476536297 0.008722401196833476
58094.07500002585 0.004688156070480387 0.004136808311975242
58094.12500002585 -0.0007657688023957022 0.004734362845040048
58094.175000025854 -0.002296970328208229 0.003302548847852597
58094.22500002586 -0.0008062455251298038 0.004239159699033616
58094.27500002586 -0.0009254867118664337 0.002803958331602218
58094.32500002586 -0.0004112823799406362 0.0023357782825696827
58094.9250000259 -0.003447672331192206 0.009015669426599184
58094.9750000259 -0.00835197397040377 0.005549737556221102
58095.07500002591 0.0005715104710671318 0.00757969539270619
58095.12500002591 0.0033501467661428475 0.0030838429403042406
58095.17500002591 -0.0010875505105582709 0.0037640163385370333
58095.225000025916 -0.0008278250576339812 0.003179578049848332
58095.27500002592 -0.001423423129917753 0.001848091656243529
58095.32500002592 -0.002404430167700327 0.0023493200204269837
58095.52500002593 0.003924174911185725 0.0035731970833399657
58095.575000025936 -0.0032371778649814384 0.004228537100690874
58095.62500002594 -0.004196361912171717 0.004601259418054034
58095.67500002594 -0.013645608756368206 0.006217542079321183
58095.82500002595 0.01538635847407909 0.006081347506800493
58095.87500002595 0.031015084019997242 0.00989742756911177
58095.97500002596 -0.005654081663728059 0.0022821974942243005
58096.02500002596 -0.0019707697112334604 0.0054895401355327745
58096.075000025965 -0.000484283545608562 0.005832951449234255
58096.12500002597 0.003514838790824367 0.004972090870745446
58096.17500002597 0.0016681471127356232 0.005596767230175143
58096.225000025974 -0.005471517403872408 0.004356645494775768
58096.27500002598 -0.0038845677214471297 0.0024745757500835826
58096.32500002598 -0.003928191508141799 0.0034508509528343484
58096.575000025994 -0.0035389452741364513 0.0008037935446543261
58096.625000026 -0.004169687091691341 0.003449412848620896
58096.675000026 -0.015086951548064269 0.009478197282911742
58096.725000026 -0.026167155146425314 0.008841827879075285
58096.82500002601 0.010434315983733412 0.009194838019462756
58096.925000026014 -0.0026831779353012806 0.005083323202856267
58096.97500002602 0.002039824194622286 0.0044634966636715855
58097.02500002602 -0.004027680129308764 0.00774916269397703
58097.07500002602 0.001259545377342297 0.003909690396023723
58097.125000026026 0.002929203829399464 0.0040092940712386765
58097.17500002603 -0.0023888193330738566 0.003998086425465905
58097.22500002603 -0.0006094925609903704 0.00468964744485858
58097.275000026035 -0.0024988159999983686 0.0028414568413244043
58097.32500002604 -0.0032001929926792675 0.003293807335255434
58097.82500002607 0.0011599966304027542 0.008586607545111024
58097.87500002607 -0.0019001235621727921 0.007257067903630271
58097.92500002607 -0.005673229616869433 0.006006899763267119
58097.975000026076 -0.004303010694187934 0.0034568246696928605
58098.02500002608 0.0014088553447244685 0.008287438652087933
58098.07500002608 -0.001106062015521752 0.0035314712063178283
58098.125000026084 -0.0006070469106989147 0.005162460626539236
58098.17500002609 -0.0017839996755821391 0.004919394373504761
58098.22500002609 -0.0002907109102533286 0.004986756658884794
58098.27500002609 -0.0034089671744105972 0.0032795321568058313
58098.325000026096 -0.005284492686964715 0.0033046571528000316
58098.475000026105 -0.0061763515734134964 0.002411695547557713
58098.52500002611 -2.07720983594617e-05 0.005533136561378189
58098.57500002611 -0.004036196115336764 0.004234962453385705
58098.62500002611 -0.0037384244985797167 0.005452441242178824
58098.675000026116 -0.004503690300575458 0.0037223810478221775
58098.72500002612 -0.010409278637349594 0.003675913147571294
58098.87500002613 0.001689117140593269 0.007421971709025075
58098.92500002613 -0.004235275777655467 0.004854797630974217
58098.975000026134 -0.004287285175718335 0.002858264262327853
58099.02500002614 0.0013984028023392597 0.0026078227620041044
58099.07500002614 -0.0020559113069808627 0.0024097489918993437
58099.12500002614 -0.004016682483895144 0.0030613460866187095
58099.175000026145 0.0006934486477861157 0.004735763972366093
58099.22500002615 -0.003336185775087192 0.0041137877350001075
58099.27500002615 -0.007349852998961062 0.008063349380340519
58099.325000026154 -0.004451102540908969 0.0018447240763512936
58099.57500002617 -0.0036049922419135404 0.004186211085210795
58099.675000026175 -0.005650502148589365 0.005930373687843246
58099.72500002618 -0.010960156645480593 0.0026579462084198907
58099.82500002618 0.0005620877801617776 0.005630431381644554
58099.875000026186 -0.0057699711270796095 0.0028808801367641006
58099.92500002619 -0.003309469405601069 0.004518870914969763
