binned_flux_brite.dat
# %ECSV 0.9
# ---
# datatype:
# - {name: time, datatype: float64}
# - {name: flux, datatype: float64}
# - {name: ferr, datatype: float64}
# schema: astropy-2.0
time flux ferr
[from data line 3367]
58118.82500002729 0.0007917983898383911 0.0035236329602471154
58118.87500002729 -1.8737180038096182e-06 0.005023112149722758
58118.925000027295 -0.0017596672715686767 0.0033497018135248344
58119.0250000273 0.0014068173703878609 0.00398048978026179
58119.075000027304 0.0003579882917234989 0.003807139948521515
58119.12500002731 0.0011179366948666299 0.003117002117247805
58119.22500002731 0.0030244765229993807 0.002538706844170183
58119.275000027315 -0.0022319568027406997 0.0018743683690808676
58119.425000027324 -0.00014220530832714307 0.0031166042286641105
58119.47500002733 5.775098340811612e-05 0.0034752499523550604
58119.52500002733 0.0009482636030092954 0.0012959683991977822
58119.57500002733 0.00021925045135896799 0.0037449199736382813
58119.625000027336 0.0006028194194851831 0.004631278714243356
58119.67500002734 0.0012185753370551947 0.0037212757846052965
58119.775000027345 -2.568758897401514e-05 0.004018167188963455
58119.82500002735 0.0004448398668356549 0.004090134726565502
58119.87500002735 -7.923381782370953e-05 0.003646550881821957
58119.975000027356 0.0004096267604491862 0.004243093818645521
58120.02500002736 0.0007169424346906816 0.003090992000090744
58120.07500002736 0.0014745751153141529 0.0044305461408153
58120.17500002737 -0.0016106459866558065 0.005219810931123647
58120.22500002737 0.0031417104519942452 0.004057455611148565
58120.27500002737 -0.0026708434003686445 0.0018543787391156182
58120.37500002738 0.0005808824495612633 0.005024913863638806
58120.42500002738 0.0009607543869791284 0.003411909669900486
58120.475000027385 0.0003180396274800786 0.0034617570107590223
58120.52500002739 0.0008091481796909707 0.0039260563041031244
58120.57500002739 -0.0017358745995763826 0.004772125973740861
58120.975000027414 -0.0008749416062184608 0.003992177005055638
58121.02500002742 0.0011923322763590701 0.0036863229096800385
58121.07500002742 -0.0010779847259593466 0.002628843399466664
58121.12500002742 -0.0003550980339958122 0.003109057448370084
58121.175000027426 0.0028628020092559213 0.004545646018958926
58121.22500002743 -4.342251209801806e-05 0.004265101636973093
58121.325000027435 -0.0032188281450545703 0.004487214045673387
58121.37500002744 6.134508987954843e-05 0.004113676661940518
58121.42500002744 -0.00048074103913554905 0.0033938885493624955
58121.52500002745 0.0008065851126378738 0.0038269839327687706
58121.57500002745 0.0007713555380939081 0.003998508666806657
58121.62500002745 -0.0007538418575855945 0.003299833276828768
58121.675000027455 0.0009334452368587986 0.003439206997006647
58121.72500002746 0.0023586573763985865 0.0050645463901596325
58121.92500002747 0.0006210796847613687 0.0029817565046523185
58121.97500002747 -0.0032852666397911487 0.002353822290536684
58122.025000027475 0.0017319160839715298 0.0039593134953016945
58122.12500002748 -0.0009881248689207645 0.004852653206339351
58122.22500002749 0.0010858449494617062 0.0033433853042667294
58122.32500002749 -0.0016053464633036204 0.005277295554214048
58122.375000027496 -0.0017144453881047063 0.004050516542593674
58122.4250000275 -0.005655474828617585 0.004504448754649758
58122.4750000275 -9.284104746623247e-05 0.004516745107856111
58122.525000027505 0.000938549276634601 0.004336023750920319
58122.67500002751 -0.0015067884423311056 0.00465528811909596
58122.725000027516 -0.002380718313111335 0.005318743923345251
58122.77500002752 0.0004575573385989543 0.004018959327733241
58122.875000027525 0.0002813533318145977 0.0035836118965198904
58122.92500002753 0.00134530779569826 0.004057817290832758
58122.97500002753 -0.001055093484743086 0.0031336818243700893
58123.12500002754 -0.00020858066777010444 0.00276161530748198
58123.17500002754 0.002001756205242733 0.004181638934135524
58123.27500002755 -0.00034138943275696464 0.0036879945386632668
58123.375000027554 -0.0018386868710550312 0.004401254024234868
58123.42500002756 0.0014899518850466364 0.004757513597269339
58123.47500002756 0.00094935937126697 0.005275200610404339
58123.52500002756 0.0012773957111856394 0.0034848224281286426
58123.575000027566 0.0002314215011998937 0.004422774673288989
58123.62500002757 -0.002024104539114247 0.0036263912878659933
58123.67500002757 0.0003005778217921561 0.0036194240302675493
58123.725000027574 0.00017059800598683225 0.0040715730555365435
58123.77500002758 -0.0006943117620498681 0.0036672644408493865
58123.82500002758 0.0002624491661594082 0.0039437648654035845
58123.87500002758 0.0012431513649680062 0.0034485718548043515
58123.925000027586 0.0006229354203749054 0.0035313827271802336
58123.97500002759 0.000259586251380149 0.0029314255277734266
58124.02500002759 0.0011279560262379014 0.0022702311737946837
58124.075000027595 -0.002186235212069235 0.002843769576504746
58124.1250000276 0.0009713577158733222 0.002570383900598914
58124.2250000276 0.000862307233977049 0.0043032129030490356
58124.27500002761 -0.0006284972360711544 0.0025248492907756948
58124.47500002762 -0.00013744719377274843 0.0049576934719679725
58124.52500002762 0.002770384199469782 0.005021807617715783
58125.02500002765 9.168291554341179e-05 0.0035100954322704555
58125.07500002765 0.0011723905744263296 0.0030572606058636782
58125.125000027656 -0.002753697627895113 0.003214218348634649
58125.22500002766 0.001951583108447924 0.0032854630246305846
58125.275000027665 0.00019850598331780327 0.002961459550031391
58125.32500002767 0.00020620988946622946 0.00421456020529721
58125.37500002767 1.6234162006851965e-05 0.003486955056581124
58125.42500002767 -0.00017175778980705938 0.003938373258750015
58125.475000027676 -0.0026111339115615787 0.002609395783741108
58126.475000027734 0.001794432278665869 0.003887417077713921
58126.52500002774 0.002595903735215561 0.0037821963372637467
58126.57500002774 0.00037805942348354785 0.003707004823771504
58126.62500002774 0.00018866888620446462 0.003989419566843073
58126.675000027746 0.0004732331695379035 0.00359097464557732
58126.72500002775 -9.421997148192666e-05 0.00435617946935084
58126.77500002775 -0.001415579228187705 0.003973682581685971
58126.825000027755 0.0002567985693070348 0.005271127259694181
58126.87500002776 0.0012553031277849236 0.0037308785603857486
58126.92500002776 0.0014284585043526049 0.0039039773517643944
58126.97500002776 -3.838521273828443e-05 0.0037822363896637037
58127.02500002777 0.001812003884896607 0.002973263144430214
58127.07500002777 0.000551981671694309 0.0028151512624979783
58127.12500002777 -0.000912813281197982 0.0032340249110718285
58127.175000027775 0.0010589741530557572 0.003085562866102653
58127.22500002778 0.00012861924451103754 0.001984791213720377
58127.325000027784 -0.00027137380958250796 0.0046975107465245
58127.37500002779 2.4929593038674742e-05 0.0037470699143791718
58127.42500002779 -0.0013760503199407006 0.005018579197469089
58127.525000027796 0.0001408075364731214 0.0041109243837834705
58127.5750000278 0.0011204605201325974 0.005046412597727937
58127.675000027804 -0.0005083026681694617 0.0030780811236186113
58127.72500002781 -3.7711976676994703e-05 0.004073078225401788
58127.77500002781 -0.002382620286981399 0.0037813931109187933
58127.82500002781 -0.0006931293728330817 0.003939318808381322
58127.875000027816 0.003464203551669165 0.004013865976587432
58127.92500002782 -0.00037173387202554906 0.004813203468037742
58127.97500002782 -0.00016398459350345785 0.0041049312006332175
58128.025000027825 0.0014915230910866994 0.004286207451992226
58128.12500002783 1.9320051163270558e-05 0.0014791854223353685
58128.17500002783 -0.001362599526118502 0.0037273126490851402
58128.225000027836 0.0011685647769192342 0.0024220442285291972
58128.32500002784 0.0005828537728317928 0.0035235570443716787
58128.375000027845 -0.0006512236752386154 0.004113993392674759
58128.47500002785 -0.0012629318466504057 0.0035603037031646536
58128.525000027854 0.0005720295199731613 0.004445837855106318
58128.57500002786 -5.266391306931105e-06 0.0036300283704458368
58128.67500002786 0.0012431911279134262 0.003739642556290811
58128.725000027865 0.0012428665992050261 0.004448962149324154
58128.77500002787 -0.0016455263537541668 0.0043996995536109825
58128.875000027874 0.0007281048564238786 0.004606119493826619
58128.92500002788 0.0012845472063313756 0.005035906645650792
58128.97500002788 0.0002099706212690733 0.00390949642068358
58129.075000027886 -5.4125790846204504e-05 0.0034304274130968473
58129.12500002789 -0.0003898523725349361 0.0029060037137896154
58129.17500002789 -0.0029997253301014435 0.003643049149653302
58129.2750000279 0.000633411277839582 0.00408035158681132
58129.3250000279 0.0008104323671316578 0.00440886343150074
58129.3750000279 -8.254926140481531e-06 0.0037029526835000745
58129.425000027906 0.0009606529471369184 0.0036576512822976324
58129.47500002791 -0.0013923936309871451 0.005009141967212163
58129.52500002791 -0.00010850188531797842 0.004794256871865384
58129.575000027915 0.0007461097534196033 0.003897701170498167
58129.62500002792 0.0008664203862252185 0.004298551862317706
58129.67500002792 0.00034695432976087584 0.005040036477892248
58129.725000027924 0.0002372355372432629 0.004023468975572546
58129.77500002793 -0.0013419135953904923 0.005809969813309331
58129.82500002793 -0.001221432620867719 0.004520058396724215
58129.87500002793 0.0015195479995748034 0.0036760588450965126
58129.925000027935 -0.001119548728912445 0.004712615687260997
58129.97500002794 0.0014594837444062148 0.0033190273124256127
58130.02500002794 0.0036709749830579896 0.0026935131599638046
58130.075000027944 0.0011792506779234192 0.0025773270816570773
58130.12500002795 -0.0033016238345122567 0.003826030933763184
58130.22500002795 -0.0014344172267597667 0.002985315083637625
58130.275000027956 0.0006646265958194323 0.0038995553058754576
58130.32500002796 0.0016430912583916394 0.004711614723096626
58130.425000027964 0.001534661285287996 0.0038690022852223404
58130.47500002797 -0.00017098407486266988 0.005334175622029625
58130.52500002797 0.00022257935074313165 0.003682922603910044
58130.625000027976 -0.00039980135690447546 0.004222927884857451
58130.67500002798 -0.0004916136360704856 0.003820409269925459
58130.72500002798 0.0003458541191259274 0.004609797267972824
58130.775000027985 -0.0018472323630750187 0.004825081250021448
58130.82500002799 -0.0009554089824550706 0.004430133080754266
58130.87500002799 -0.00015459981826509075 0.004196606164135462
58130.92500002799 -0.0002816947552710003 0.0037530509852909395
58131.025000028 0.0016975181569669484 0.0032020289251227622
58131.075000028 0.004681447499662349 0.003163288787419824
58131.125000028005 -0.004796206035987118 0.002407922014985876
58131.22500002801 0.0019977755808856857 0.004509381527198513
58131.275000028014 0.000900082878880336 0.004841276834097674
58131.32500002802 -0.0009229924297757949 0.0030497699709754467
58131.37500002802 0.0011886616920876026 0.0036814177729591908
58131.42500002802 -0.0008229481948626412 0.005334585721265568
58131.475000028026 6.949269947963915e-05 0.004040063239001082
58131.52500002803 0.000659968979544312 0.0044480017332855365
58131.57500002803 -0.00020342509350104176 0.003601235033911643
58131.625000028034 -0.00025004295489338156 0.004509993887241837
58131.67500002804 0.0004117616958000306 0.005129317153657311
58132.475000028084 -0.0004579575098671119 0.003140864315091331
58132.52500002809 -0.0011210697632683074 0.004605211047106082
58132.57500002809 -0.0007772761644922011 0.0038027352952067226
58132.62500002809 0.00011524484838709108 0.005004146973887181
58132.675000028095 0.00020364402852214158 0.0031491789446795944
58132.7250000281 -0.000451251643585984 0.0041724201317346575
58132.7750000281 0.00020150298616073843 0.004368662884613855
58132.825000028104 2.9930379311758065e-05 0.004546841056123046
58132.87500002811 0.00044981232031020973 0.004572678741795574
58132.92500002811 0.0019635580745413716 0.004389131847833895
58132.97500002811 -0.0014270633722331086 0.0026652317486553652
58133.025000028116 0.0008677573591068688 0.0041267953960706675
58133.12500002812 -0.0010236010270045295 0.004563760653393753
58133.175000028124 0.0005761549697740872 0.0030476215393287157
58133.22500002813 -0.0007952563912842381 0.004132472556625651
58133.32500002813 0.00025551011982826485 0.0044863366035089785
58133.375000028136 -0.0018165845877395823 0.00454004075752474
58133.42500002814 0.0003510327588410487 0.004835819477869264
58133.92500002817 -0.0006308228911725394 0.0036780024908701623
58133.97500002817 -0.0019278902198401366 0.002308578102502642
58134.025000028174 -0.0005723568769823162 0.003688784734994977
58134.12500002818 -7.132452435682823e-07 0.003430120129839466
58134.17500002818 -0.0007442949225840989 0.004392358383143235
58134.225000028186 -0.001534167274035461 0.0033392112754352596
58134.32500002819 -0.0011014677246030983 0.004712233809164162
58134.375000028194 -0.000497031404045922 0.004796136487836856
58134.4250000282 0.0021697276400878263 0.0037040511167264986
58134.4750000282 -0.001487895541541422 0.004332049621021077
58134.5250000282 0.000345811091056511 0.004609791467658321
58134.575000028206 -0.0006181524259394957 0.0042980879457795475
58134.62500002821 -0.004897042492817166 0.0026319683565428904
58134.67500002821 0.0008368169744987391 0.005744535138601801
58134.725000028215 -0.0008069778445594411 0.00558603954353825
58134.77500002822 0.0003856923185823475 0.005018233156844831
58134.87500002822 -2.894100832762092e-07 0.004269571065864866
58134.925000028226 -0.0003835313497570098 0.004024416067493799
58134.97500002823 -0.000697203417428084 0.0026868305802745856
58135.075000028235 -0.0007569648915699165 0.0022559255778265633
58135.12500002824 0.0011723185897628142 0.004731573923259442
58135.17500002824 -0.0006586407530457597 0.0029847215359271825
58135.27500002825 -0.0017856559019459868 0.004635783743686462
58135.32500002825 -0.00199530025626932 0.004614922358669489
58135.37500002825 0.0011167571382322073 0.0034659817689796915
58135.425000028255 -0.00012027402086722816 0.003607486589497583
58135.47500002826 -0.0011591623132575204 0.004977035959039051
58135.52500002826 0.0002536121850831548 0.003398682524041001
58135.67500002827 0.0013068012208949911 0.004559460767670864
58135.72500002827 0.0023434279270782895 0.004125975198320475
58135.775000028276 0.00011920136779456112 0.004112256816675299
58135.82500002828 -0.0007029634645312323 0.0037343734722711337
58135.87500002828 0.0007602394834449063 0.0034103527795977806
58135.925000028285 0.00022653715995350765 0.004092486245108631
58135.97500002829 -0.0031223787279556657 0.003946755351377884
58136.02500002829 -0.0019318190601524178 0.004719553488587902
58136.07500002829 0.0009126089581010097 0.0029813066871152887
58136.125000028296 8.17146778782611e-05 0.0034199160557447645
58136.2250000283 0.0023086407381177677 0.0030758687299573483
58136.275000028305 0.0004697361326760842 0.005065634650534852
58136.32500002831 -0.0004352221145108185 0.004022378306067594
58136.425000028314 0.0017768225158809267 0.004978968894660804
58136.47500002832 -0.0005160813813882074 0.0044820563832984675
58136.52500002832 -0.002511705277892275 0.005231886021374564
58136.625000028325 0.0003845279276925637 0.004356203579188996
58136.67500002833 0.0009336588480502421 0.005983221989741895
58136.72500002833 0.002144434661402446 0.004683165145834447
58136.775000028334 -0.005173437701837702 0.004580413297894669
58136.82500002834 0.001557035012783695 0.004736678463860723
58136.87500002834 -0.00022850135387985146 0.003654460198553662
58136.92500002834 0.0026307372746931248 0.0036545099262311107
58137.02500002835 -0.004000326965138628 0.004986977334675048
58137.07500002835 0.0013779632926655904 0.004345636362334911
58137.22500002836 -0.001751587615675132 0.004697759442209962
58137.27500002836 -0.0004667064726390361 0.005338445488454501
58137.325000028366 -0.000581940846164461 0.004607736451831574
58137.37500002837 0.0016644288110688823 0.004570222156535884
58137.42500002837 0.0009658263981273801 0.004368423787675553
58137.8750000284 -0.00043407004703423626 0.004255245952189423
