binned_flux_astep.dat
# %ECSV 0.9
# ---
# datatype:
# - {name: time, datatype: float64}
# - {name: flux, datatype: float64}
# - {name: ferr, datatype: float64}
# schema: astropy-2.0
time flux ferr
[from data line 1302]
58214.12500003284 0.0009456842227163253 0.0025805166040889583
58214.17500003284 0.00029681981506261373 0.003353357387375545
58214.22500003284 0.0007531159857367031 0.0019713391123812544
58214.275000032845 0.0009525446129979542 0.001805470534519134
58214.32500003285 6.036970617946074e-05 0.0012148779650821223
58215.02500003289 0.0030566232041753082 0.0016556843117257391
58215.07500003289 0.0030847001908178816 0.002000720824942531
58215.125000032895 0.002464394992143344 0.0018650351144392885
58215.1750000329 0.0025243886103464707 0.0015689573779913094
58215.2250000329 0.0028346944305290465 0.0017517468499378165
58215.2750000329 0.0027023195897298204 0.0021547204439712614
58215.325000032906 0.0017271082185252862 0.0006571927269290958
58216.02500003295 0.003211698661749219 0.0021080216497600442
58216.07500003295 0.0024419617154153796 0.002075179550001114
58216.12500003295 0.002628869821767594 0.001047391243806595
58216.175000032956 0.0026073255254537918 0.001413785151791515
58216.22500003296 0.002325218810305365 0.0017545583425020606
58216.27500003296 0.0018550054511808096 0.0013959512918990072
58216.325000032964 0.002042669939023895 0.0017167049694718
58217.025000033005 0.0005069736891132304 0.0011999414189094878
58217.07500003301 0.0017159254649253787 0.0010398224559813212
58217.12500003301 0.0008944359368156029 0.0011711145248642617
58217.175000033014 0.0008302359674344029 0.0018622998423201804
58217.22500003302 0.0008821720022105661 0.0013581201019712565
58217.27500003302 0.0014824986326272304 0.0010915752068820417
58217.32500003302 0.0019841979025007703 0.0020469848159431845
58218.225000033075 0.0023191159230382613 0.004990499638289623
58218.97500003312 0.0038077512585297604 0.0011695946874241817
58219.02500003312 0.003698470139417911 0.0027565028186961756
58219.075000033125 0.0038755139224745123 0.0024214698287616174
58219.12500003313 0.0035075632367656986 0.0017988081340581873
58219.17500003313 0.004123471211697431 0.0019004629437523236
58219.22500003313 0.003341248710132105 0.0026921167189855807
58219.275000033136 0.005537768561738932 0.003469565217663193
58219.32500003314 0.006663342022276265 0.0040549745705360275
58219.97500003318 0.005125190716829464 0.002638519767281265
58220.02500003318 0.006099954252399365 0.0034359270792324297
58220.07500003318 0.0059581995673827545 0.0048289287936771974
58220.125000033186 0.008689027692261889 0.005073595875778175
58220.17500003319 0.007726588214504887 0.002974939363466694
58220.22500003319 0.005488264453637874 0.0017112905405028767
58220.975000033235 0.005465893406382742 0.001959193611008771
58221.02500003324 0.004844126495166912 0.002431529742721229
58221.07500003324 0.004856521628618126 0.001665136162496328
58221.125000033244 0.005543636632989961 0.0017784925271651319
58221.17500003325 0.005103374794023964 0.0020104306261179844
58221.22500003325 0.006038239040201222 0.0017662411397574528
58221.27500003325 0.006028899016631573 0.002957000494870639
58221.325000033255 0.003767929776640327 0.004023179913585
58222.0750000333 0.006337718493628038 0.0019758676439068108
58222.1250000333 0.0028345787348800612 0.0021822453922190825
58222.175000033305 0.003400953391700458 0.0015744573509853242
58222.22500003331 0.003389870694231847 0.0027459222524063745
58222.27500003331 0.0015912223980491034 0.0018044380720093815
58222.325000033314 0.0028929763392858444 0.00261105726357067
58223.27500003337 0.029952803262074695 0.005761624572524663
58223.32500003337 0.014283795317726715 0.004422909978010991
58223.97500003341 0.003136003798717439 0.0012481062376781273
58224.02500003341 0.0020715968560413643 0.0013424709860265797
58224.075000033416 0.0028535083044505826 0.0022804895158430715
58224.12500003342 0.0020932895640441746 0.0012078682871884442
58224.17500003342 0.002048165337848418 0.0017642290338722437
58224.225000033424 0.0012483233157826734 0.0020448494828499346
58224.27500003343 0.0014944448190560543 0.0017845326518233446
58224.32500003343 0.0016624828856113025 0.0018442426137650516
58224.97500003347 0.005559734073801348 0.0062290026157656294
58225.02500003347 0.010697767009313255 0.005221822041627095
58225.075000033474 0.010321116890769779 0.004569814340232819
58226.22500003354 0.019675158821124854 0.004386001027697832
58226.27500003354 0.014198186591808123 0.003310098330801484
58226.37500003355 0.016713045410119552 0.003478048173985511
58226.975000033584 0.0021139626664351038 0.0022443168400918196
58227.02500003359 0.003492852521588064 0.004951496228526344
58227.175000033596 -0.0006637802380750624 0.004640804318763042
58227.2250000336 0.0003074410395142793 0.005550045344682164
58227.97500003364 0.0026120196764407152 0.0009875262902008784
58228.025000033645 0.002695243123115219 0.0011980342162529526
58228.07500003365 0.002968877298850101 0.0009287394405924957
58228.12500003365 0.0029732595383862837 0.0009262638431015479
58228.175000033654 0.003246419554355695 0.0017733154311075298
58228.22500003366 0.0031039887536389267 0.002600824145016269
58228.27500003366 0.003266291365369571 0.001998704535296375
58228.32500003366 0.0032620528747762632 0.0014798862750545526
58228.375000033666 0.003829531874745218 0.0014790667200174387
58228.9750000337 0.0036989644298778762 0.0013488178461402668
58229.025000033704 0.0036397189759525767 0.0012795937293668825
58229.07500003371 0.0032392013047722323 0.0014577492786117842
58229.12500003371 0.0033776669404301505 0.002572846523560203
58229.17500003371 0.0033170118153046184 0.0016054832766614657
58229.225000033715 0.0028314585464266884 0.0011117113663913103
58229.27500003372 0.0030926356049713567 0.0014823628000128367
58229.32500003372 0.003444961895454284 0.0012217013584418157
58229.375000033724 0.0035744052455045777 0.0010961904082094226
58229.925000033756 -0.0006782165759721602 0.0008519267341619532
58229.97500003376 0.0014082636471516024 0.0014044556780956653
58230.02500003376 0.0011884681552550267 0.0020689273176731793
58230.12500003377 0.000535338736935096 0.005896735597508619
58230.22500003377 0.00217793463624028 0.002798163792385395
58230.27500003378 0.002097557483728019 0.002134273002578552
58230.32500003378 0.001055142278867881 0.002010216249352775
58230.37500003378 0.0012944321052329923 0.00236781998913944
58230.925000033814 0.0035635055838435957 0.0012324358825107349
58230.97500003382 0.0023825821319316074 0.0017602284372871368
58231.02500003382 0.0029478360793971053 0.0014285405778784396
58231.07500003382 0.0039354614700547845 0.0021715897748175537
58231.125000033826 0.0038307430352810235 0.001409924816503934
58231.17500003383 0.003812367637977281 0.0013914793961920793
58231.22500003383 0.004140334286157868 0.0019044952797081796
58231.275000033835 0.004605615954144627 0.001751530764079648
58231.32500003384 0.003945928458008083 0.0018112059337029914
58231.37500003384 0.00466282743296115 0.0015302510903258664
58231.92500003387 -2.280860771115239e-05 0.001269717489506455
58231.975000033875 0.0003627421768551398 0.0013284861696082667
58232.02500003388 0.00134203230216567 0.0017087465781812
58232.07500003388 0.0009150099951607984 0.002177473040914707
58232.125000033884 0.001772636548060118 0.001708829853563235
58232.17500003389 0.002103381533307526 0.001865246756239247
58232.22500003389 0.001799488872615127 0.0021493632884536542
58232.27500003389 0.002675421364194845 0.0017579791684021252
58232.325000033896 0.0023213165427678644 0.0015849316647515398
58232.3750000339 0.001782968132976217 0.0024912180905730602
58232.92500003393 0.0017417285834206925 0.0010971906627774098
58232.97500003393 0.0017092668926290688 0.0013057427048497419
58233.02500003394 0.0010143748542316906 0.0014254853661043736
58233.07500003394 0.0010605049415047872 0.0015277931082470673
58233.12500003394 0.0010728694878734202 0.0020546943065844637
58233.175000033945 0.00013222314231652987 0.0021198418824990204
58233.22500003395 0.00010385408235690008 0.0014726852534860898
58233.27500003395 5.866882330986758e-05 0.002058373787255645
58233.325000033954 0.0011840942840262666 0.0014784819469882751
58233.37500003396 0.0015413720951344227 0.0019820287721804843
58233.92500003399 0.003990010904412655 0.0011392824924803314
58233.97500003399 0.0033546900952217697 0.0010997973480004306
58234.025000033995 0.0011018382731930352 0.0012958431856111075
58234.075000034 -0.003005679614997092 0.0022899065290417084
58234.175000034 0.03561797750503176 0.00475284559655016
58234.22500003401 0.021108273247318798 0.00560239404321542
58234.27500003401 0.014614057139545117 0.0028159627594413136
58234.32500003401 0.013765611808468563 0.0035837108350255157
58234.375000034015 0.008546823394671832 0.002703541047811595
58234.92500003405 -0.00035724466883699875 0.0008548475031854961
58234.97500003405 -0.00030994490326760935 0.0012698117486362262
58235.02500003405 -0.0008412262761989942 0.0015678600886953181
58235.075000034056 -0.0005253285030968357 0.0019499865220015764
58235.12500003406 -0.001100281638809213 0.001674691222050794
58235.17500003406 -0.000636216597121816 0.001431489276212866
58235.225000034065 6.458916371768902e-05 0.0019827261499955205
58235.27500003407 0.0007950918186282417 0.0012971591500013661
58235.32500003407 0.00016436212272494537 0.0016856476847602172
58235.37500003407 0.001877093123114678 0.001931546965248506
58235.925000034105 -0.0006130433834381001 0.0007424945483495959
58235.97500003411 -0.0004467255729064834 0.0013835061727941551
58236.02500003411 -0.0005717894161356794 0.0019507827763036055
58236.075000034114 -0.0006528483817928166 0.0017872037651026802
58236.12500003412 -0.0008721090856578609 0.00129291433716663
58236.17500003412 -0.0006646593902933356 0.001554694179698017
58236.22500003412 -0.0010186053851027688 0.0017319050211963573
58236.275000034126 -5.590639908417914e-05 0.001588753373544989
58236.32500003413 0.00017754243015934146 0.0016379540472353888
58236.37500003413 0.0006190881285783901 0.00233335473096292
58236.92500003416 -0.002613658028595707 0.001363607110403842
58236.97500003417 -0.002885739637772351 0.0013996306022717965
58237.02500003417 -0.002406095165272979 0.0013519197607904897
58237.07500003417 1.0430406007762016e-05 0.001014906966519559
58237.125000034175 7.06386010529214e-05 0.0015789402192066568
58237.17500003418 -0.0003877849363905939 0.0017724576504738806
58237.22500003418 -0.0008357650558827867 0.0016485400464263792
58237.275000034184 -0.00044713992336062157 0.0018039844041403377
58237.32500003419 -6.062333963582356e-05 0.0017747615249223319
58237.37500003419 0.0008162360010164109 0.0019799608505342253
58237.92500003422 -0.011276604808089556 0.002213165720827805
58237.975000034225 -0.015097404812769792 0.002608679144800833
58238.37500003425 -0.00979656346105871 0.0018747612267233016
58238.92500003428 -0.0017100303351831967 0.0021411017241025985
58238.97500003428 -0.0008866652399389805 0.0010696931007969871
58239.025000034286 -0.0014812465523040962 0.0019462283861791897
58239.07500003429 -0.001935944397082552 0.0012140217568492075
58239.12500003429 -0.0015726773329663968 0.001551133095826136
58239.175000034294 -0.0017097538431894161 0.001333046834132518
58239.2250000343 -0.0019206631951551771 0.0016586382019330196
58239.2750000343 -0.001287581724647552 0.0014517076358635975
58239.3250000343 -0.0016596201103218763 0.0013438458419881205
58239.375000034306 -0.0008121767929931786 0.0020026017771018747
58239.92500003434 -0.005317229888630875 0.0014661967348003776
58239.97500003434 -0.006490166994807495 0.002965783456677004
58240.27500003436 -0.004531842731535803 0.001946170448969163
58240.32500003436 -0.004099338256258671 0.0026830550725543798
58240.375000034364 -0.0038043934220208468 0.001993684496602715
58240.9250000344 0.0006339099913405668 0.0015261806922668895
58240.9750000344 -0.000180713484418082 0.0018086442950074574
58241.0250000344 0.0001559178676551931 0.0022509428921969367
58241.075000034405 -0.00042214911192074413 0.0014605551743191772
58241.12500003441 -0.0004486388937091967 0.0009396303987373635
58241.17500003441 -0.0004498293087866223 0.00141409277247231
58241.225000034414 -0.0006512804015635739 0.0009669803743354511
58241.27500003442 -2.271762498958026e-05 0.0022719122336018346
58241.32500003442 -0.00048289423360776035 0.0025932277473890387
58241.37500003442 0.000362956523238322 0.0016574949557515532
58241.425000034425 0.0008319141166256872 0.002159098290212715
58241.925000034455 0.00883620522504125 0.002189794178551355
58241.97500003446 0.008787829217869136 0.0023704187748770558
58242.02500003446 0.0086551004448315 0.0014654255302192487
58242.07500003446 0.007605055465029376 0.0029073923333311972
58242.125000034466 0.003895862665986898 0.004379246191083176
58242.17500003447 -0.0021042674021891196 0.0014072829731900146
58242.22500003447 -0.0017118966962544324 0.003174266484475988
58242.275000034475 -0.0002051146475864997 0.003152609633253392
58242.32500003448 0.003262590533359045 0.002662169529003649
58242.37500003448 0.005570153765395186 0.0021357295318011763
58242.425000034484 0.0024342450608291844 0.0023052187360544686
58242.92500003451 0.0012202857446238001 0.001847399389980893
58242.975000034516 0.0012890389164720117 0.0020553919459542803
58243.02500003452 0.001025845229707225 0.0015711812239748105
58243.07500003452 0.00042953921368899515 0.002140426738259926
58243.125000034524 0.0011559410331555388 0.001344024199213383
58243.17500003453 0.0003596161800945246 0.001426588507569668
58243.22500003453 0.000493016413428011 0.0025950239554040017
58243.27500003453 0.0013485903528023598 0.002746607222922209
58243.325000034536 0.00174716548396648 0.001892131020592916
58243.37500003454 0.0013146003904660258 0.0015594247049238886
58243.42500003454 0.0029883034149931456 0.0006368991703317372
58243.87500003457 -0.000680851922056136 0.0007695381592160641
58243.92500003457 0.0005108732019997953 0.0026934014482441816
58243.975000034574 -0.0005486163477345314 0.0018581366032294146
58244.02500003458 0.0008359853605814002 0.003022945478126539
58244.07500003458 0.0011298821909273514 0.003572981587962765
58244.12500003458 0.0023147206832593234 0.002484737459519593
58244.175000034586 0.003542627335753029 0.00280700750371684
58244.22500003459 0.0010731954735494198 0.0041839007119928405
58244.27500003459 0.00226621335340821 0.004635370027607329
58244.325000034594 0.004827098847740963 0.006812202283101091
58244.3750000346 0.004860779436316056 0.0029933773983941113
58244.4250000346 0.0032175607849990184 0.001873838798634362
58244.875000034626 -0.0019361734216186838 0.0012379808558184344
58244.92500003463 0.0008145596695985891 0.0028849196847571556
58244.97500003463 0.0002995626272488106 0.0028283618256679153
58245.025000034635 0.00017346987085380537 0.0026852026321225373
58245.07500003464 0.0005433407932273057 0.004526140691944747
58245.12500003464 -0.002402332505394276 0.00627399116870457
58245.22500003465 -0.0005310072844960068 0.0032812785007056973
58245.27500003465 0.004136728542050724 0.00427540887082693
58245.32500003465 0.006327152687635293 0.0040021854965972435
58245.375000034655 0.0014993541680589726 0.0024266644491402318
58245.42500003466 0.0009144969866933695 0.00280412814167993
58245.875000034684 0.002109938599481431 0.0011601884335435604
58245.92500003469 0.00010528815474107257 0.002094802935528379
58245.97500003469 0.0005845127610432832 0.001646467567375052
58246.02500003469 0.0007114971680236799 0.00149705422433398
58246.075000034696 0.0008277833793847189 0.00171787241124101
58246.1250000347 0.0015205634834922143 0.0015376891205714693
58246.1750000347 0.0017537508763583109 0.0013013464030604484
58246.225000034705 0.0016424601567010643 0.002198740670951259
58246.27500003471 0.0018105243774395288 0.0026021054142350082
58246.32500003471 0.0017441161769392395 0.002353007218829796
58246.37500003471 0.00243942186277572 0.001629548886934452
58246.42500003472 0.0014240708218080532 0.00198304351631161
58246.87500003474 0.0038432438355636787 0.001710016558185178
58246.925000034746 0.005536690324024946 0.002365148257001641
58246.97500003475 0.004715944813985613 0.0015566951951693838
