binned_flux_astep.dat
# %ECSV 0.9
# ---
# datatype:
# - {name: time, datatype: float64}
# - {name: flux, datatype: float64}
# - {name: ferr, datatype: float64}
# schema: astropy-2.0
time flux ferr
[from data line 1824]
58270.02500003609 0.0052061701521097965 0.0008910370449055712
58270.07500003609 0.006632434379575136 0.0025341600916810618
58270.125000036096 0.005611992913082799 0.002196683945154708
58270.1750000361 0.011376906433241048 0.006762238984577383
58270.2250000361 0.006352220111516846 0.0014027057549524078
58270.275000036105 0.00673819830345241 0.0016071898461136967
58270.32500003611 0.005510468600975456 0.0012603655343815666
58270.37500003611 0.005996895217834274 0.0016287242392988655
58270.42500003611 0.006033394547643687 0.0023747114772089185
58270.47500003612 0.005547573465001685 0.001926301879468445
58270.82500003614 0.005998384939876168 0.0013776930487223668
58270.87500003614 0.005759302488293098 0.0014283691218407648
58270.92500003614 0.005095835637495233 0.001557950240773152
58270.975000036146 0.004797366632430534 0.0015480786257060588
58271.02500003615 0.005439653939711721 0.0019218648761378434
58271.07500003615 0.00522957638788584 0.0021878935524739856
58271.125000036154 0.005411867833454021 0.00218172922058962
58271.17500003616 0.005520421525789755 0.0016630476061925304
58271.22500003616 0.005263248717668909 0.0022561845078794243
58271.27500003616 0.005658807092632312 0.0015525645191048077
58271.325000036166 0.006044973640870759 0.0017144231389437127
58271.37500003617 0.006130073621814771 0.0023228412760065167
58271.42500003617 0.006068907530511094 0.0017284984979813551
58271.475000036175 0.006210209894254288 0.0011265441696728423
58271.825000036195 0.021388716434674892 0.001432871467883426
58271.8750000362 0.021019199667029708 0.0014833436805853782
58271.9250000362 0.020407548484169067 0.001817937281824008
58271.975000036204 0.016816746504795737 0.0011919623142946124
58272.02500003621 0.016984902437124427 0.0017224103341222294
58272.07500003621 0.013058995667224677 0.00321548750942047
58272.12500003621 0.011933682991813932 0.0030298735495157903
58272.175000036215 0.008510164238033944 0.0031210275599410633
58272.22500003622 0.008813061359234852 0.003089066160310881
58272.27500003622 0.007528237417271514 0.002060148910144969
58272.47500003623 0.006381210640684781 0.0016185707651878095
58272.875000036256 -0.7558716747785527 0.0007724576970832214
58272.92500003626 -0.7560073244461748 0.0007068834581084203
58272.97500003626 -0.7559941923323118 0.0007714606667406974
58273.025000036265 -0.7507416863248708 0.005459669504194132
58274.82500003637 0.004424447261742584 0.002897542827318602
58274.87500003637 0.002636138515292321 0.0018518086900116504
58274.925000036375 0.0018474957885122464 0.0016038400492348706
58274.97500003638 0.005193855461488504 0.0022220467418568226
58275.02500003638 0.015112005989145548 0.003687383061486323
58275.075000036384 0.021681270020715987 0.004322646160911057
58275.22500003639 0.002712783366908293 0.003180917642502971
58275.275000036396 0.0034695751170167343 0.0032526174473224744
58275.3250000364 0.004309826444320184 0.0037548130982980052
58275.3750000364 0.005081052265127383 0.003008010529950782
58275.425000036405 0.007202020867915801 0.0031651557270393955
58275.47500003641 0.005189580867060425 0.0035936533142170626
58276.825000036486 0.00870207167345344 0.0016505325732008862
58276.87500003649 0.008877952593927083 0.001160343903269539
58276.92500003649 0.009053993166321793 0.002118852380556232
58276.975000036495 0.008528720949370556 0.002003099117408622
58277.0250000365 0.009636135886886244 0.00171256333930141
58277.0750000365 0.010491592291116741 0.0017809938390814335
58277.1250000365 0.011895585732690532 0.0022794484504148737
58277.17500003651 0.01147809760438041 0.0016885626967828435
58277.22500003651 0.011023954116138716 0.0017207627016203202
58277.27500003651 0.010842181274559373 0.0020235852606415323
58277.325000036515 0.011559762306470085 0.0016554657159945083
58277.37500003652 0.011592059171340863 0.0019061049487097584
58277.42500003652 0.011873557899874038 0.0014977439896855821
58277.475000036524 0.011679373932056323 0.0016567982176534778
58277.825000036544 0.01047226926866092 0.0013030019380540615
58277.87500003655 0.01040736996750114 0.001208991762960186
58277.92500003655 0.009534603330538467 0.0022264912284451844
58277.97500003655 0.008870104082700414 0.0022231209885424574
58278.025000036556 0.009307318846759768 0.001853866596735184
58278.07500003656 0.010152168874655693 0.0023985182536620203
58278.12500003656 0.010760976570716117 0.003249329495831019
58278.175000036565 0.01055199084294485 0.0018490022813428132
58278.22500003657 0.011216824724463961 0.0024592943104571373
58278.27500003657 0.011184395756899966 0.0027279110069443383
58278.32500003657 0.011008624631434158 0.0014430933485260321
58278.375000036576 0.01077986742334899 0.0014243514426954664
58278.42500003658 0.010612293062103 0.0018797661737516927
58278.47500003658 0.01069082282735341 0.0015974233763426829
58278.8250000366 0.010177563445598479 0.0009302354538354814
58278.875000036605 0.009669348174196487 0.0017052250035352995
58278.92500003661 0.009895417969935552 0.002141553902465223
58278.97500003661 0.009083788089391077 0.0016394998646121893
58279.025000036614 0.009451306077997998 0.0020895270927028154
58279.07500003662 0.01325817559181066 0.004451080875728326
58279.12500003662 0.011627564099359711 0.0019315259980093346
58279.17500003662 0.009991673729035958 0.0026774528904478516
58279.225000036626 0.010154567118338039 0.002223105094616968
58279.27500003663 0.01089100253976508 0.0021880388487073433
58279.32500003663 0.011021869965893811 0.0014546149528377101
58279.375000036634 0.010596262252922648 0.0019444877573619518
58279.42500003664 0.010848834167472511 0.001176875630025825
58279.47500003664 0.010621862506722295 0.0012195925516648076
58279.82500003666 0.010687128937023883 0.0011846063913759244
58279.87500003666 0.011082589535049751 0.0021577664776205596
58279.92500003667 0.010187826886223293 0.0014760905145875232
58279.97500003667 0.010923802128973804 0.0014940599749048745
58280.02500003667 0.010786780365505441 0.0025287298571009093
58280.075000036675 0.012479574931811704 0.0033538447361474034
58280.12500003668 0.012900101915180727 0.0029913563666759077
58280.17500003668 0.011706230552561965 0.0023074290116185457
58280.225000036684 0.012321627267147472 0.0015889673681603435
58280.27500003669 0.012847876348460319 0.0017862610773471978
58280.32500003669 0.012093057548204686 0.0027758211514560104
58280.37500003669 0.012882490939909293 0.0018904719043932338
58280.425000036696 0.01251116936308928 0.0019270858728712753
58280.4750000367 0.012661532659141116 0.0022016232968085237
58280.82500003672 0.010225460131188942 0.0012112736089227383
58280.87500003672 0.009808549625849134 0.000986064992624188
58280.925000036725 0.010584504022714856 0.001978834692329437
58280.97500003673 0.009935555757575841 0.002032830196654928
58281.02500003673 0.011244282547378368 0.0019000344504493255
58281.07500003673 0.012398069488726956 0.0026244107068093985
58281.125000036736 0.013748321691043612 0.004646944325697409
58281.17500003674 0.011088877031074413 0.001643223329759858
58281.22500003674 0.01120704344987035 0.001763648592315089
58281.275000036745 0.010631144907085112 0.0020168824224771295
58281.32500003675 0.011239875299096458 0.001961983673786273
58281.37500003675 0.011099773550209966 0.0017511034140787205
58281.425000036754 0.011066907122532554 0.0013126496591010436
58281.47500003676 0.011661545587191725 0.001943990730553899
58281.82500003678 0.007073521741749302 0.0009673671947088373
58281.87500003678 0.00653151695410807 0.0015005437064460954
58281.92500003678 0.006525114714317559 0.0023903314866591096
58281.975000036786 0.00678359314966202 0.0027716594630101256
58282.02500003679 0.006952492935034112 0.0014884506135718898
58282.07500003679 0.008330697833641978 0.0020725606611523436
58282.125000036795 0.008606297684245857 0.0025476747358018927
58282.1750000368 0.008389430709079618 0.0013235108774244122
58282.2250000368 0.008050880107407838 0.002566276887010524
58282.2750000368 0.009622030414945764 0.0028305489362706344
58282.325000036806 0.008959294064870069 0.001790469659535048
58282.37500003681 0.00953265988834035 0.0013144170536229533
58282.42500003681 0.01088893227158081 0.0012810734533718533
58282.475000036815 0.010959541776670835 0.0010374790421547027
58282.825000036835 0.011277441485552972 0.0013344490657877565
58282.87500003684 0.010806523007572198 0.0016613143447621796
58282.92500003684 0.010707495950607764 0.0017655406792530918
58282.975000036844 0.01016656146315841 0.0013744137861084272
58283.02500003685 0.009889470883422615 0.001459923976364246
58283.07500003685 0.0092705940281571 0.001914455789571303
58283.12500003685 0.009862632597111362 0.002229953239094526
58283.175000036856 0.00906583716752954 0.001898346006780745
58283.22500003686 0.009681189965824481 0.0025597750219891425
58283.27500003686 0.009652801534129868 0.0018661319781628463
58283.325000036864 0.010210283318774228 0.001630669496613837
58283.37500003687 0.010828179646967527 0.0015721536798066816
58283.42500003687 0.01060524697682508 0.0017003176453815757
58283.47500003687 0.011399974588023514 0.0017442541456391873
58283.82500003689 0.0106056920794899 0.001893749285294161
58283.8750000369 0.010417134004208243 0.0021089267313764135
58283.9250000369 0.010143110635666985 0.0014499553554048706
58283.9750000369 0.010418781161093347 0.0014448177283530653
58284.025000036905 0.010517588346691845 0.0020255028303929304
58284.07500003691 0.010804352820430123 0.0016901729742781698
58284.12500003691 0.011293683388845538 0.002655356159917116
58284.175000036914 0.012999190883768724 0.0048935212349160056
58284.22500003692 0.01064841227772011 0.0021842748654931224
58284.27500003692 0.011514984515208802 0.0014207199433327454
58284.32500003692 0.01154122252544597 0.0016326624157897121
58284.375000036925 0.011912735114454455 0.002107167246189759
58284.42500003693 0.01102862696981457 0.0013613799528124125
58284.47500003693 0.011446135241559598 0.0018742690530854122
58284.82500003695 0.008579012523696583 0.0019100779002233863
58284.875000036955 0.008705397126534486 0.0019489732405624895
58284.92500003696 0.008862747986232229 0.001179630157686704
58284.97500003696 0.008548025310451438 0.0014745432863097828
58285.02500003696 0.00852089479242693 0.001927696314855694
58285.075000036966 0.009060777895554853 0.002372622291464642
58285.12500003697 0.010880571693924616 0.002283774725658682
58285.17500003697 0.010947903483245926 0.00213593077781243
58285.225000036975 0.010433910665103395 0.0014041710842457036
58285.27500003698 0.011127527706728918 0.0014099459550479911
58285.32500003698 0.011780450894579849 0.0018234904866023585
58285.375000036984 0.01162491055395142 0.0015462666052549739
58285.42500003699 0.011800843807142074 0.0019352917771090882
58285.47500003699 0.012263721182134528 0.0032202049066192805
58285.82500003701 0.0002551531710550149 0.0011540589753602924
58285.87500003701 -4.2286512332583294e-05 0.001453753991637688
58285.925000037016 -0.0002571911614523281 0.0024472334501837367
58285.97500003702 0.00639183448723861 0.0064150049928486715
58287.125000037086 0.009915738167490622 0.005620336790254592
58287.22500003709 0.006766093865432457 0.004532348941886849
58287.275000037094 0.008960775002943686 0.00500243177774166
58287.3250000371 0.008178369771939184 0.0036548429135718117
58287.3750000371 0.010834143667525664 0.004514685939754911
58287.4250000371 0.01412071644812876 0.0037656855673916002
58287.475000037106 0.016099857598874057 0.004306840457348359
58287.825000037126 0.0065815166451951845 0.0027880850179369202
58287.87500003713 0.004233831117056869 0.0038620858844422954
58287.92500003713 0.007061167608736295 0.003538265338039014
58287.975000037135 0.009945592340629866 0.005288442046227584
58288.02500003714 0.014869663418113008 0.0025620922377896736
58288.07500003714 0.013308717915112837 0.0032979836755967573
58288.125000037144 0.00618512390946902 0.004620793218504222
58288.17500003715 0.006130312872868568 0.0049807145374984605
58288.22500003715 0.0029748180957970406 0.004226616224045149
58288.27500003715 0.007352282970786479 0.002735519862544201
58288.325000037155 0.00931530629246705 0.0028140686527743
58288.37500003716 0.010290391548576769 0.002719591305819121
58288.42500003716 0.009352551241239885 0.002377966667686682
58288.475000037164 0.007548900923595705 0.0027243676817450078
58288.825000037185 0.011412363958802622 0.0023549317467001277
58288.87500003719 0.011857783645480144 0.0027918870866194888
58288.92500003719 0.012800694303143059 0.002464997638007641
58288.97500003719 0.017711159815179105 0.0029791501887655716
58289.0750000372 0.014073237007688711 0.006313004314818622
58289.1250000372 0.007506550296634746 0.0037458116140938373
58289.175000037205 0.00771982723587586 0.005195226214130857
58289.22500003721 0.0072392185616598674 0.002220764423727736
58289.27500003721 0.00840604751202594 0.0015588337690326506
58289.32500003721 0.008675596081734807 0.0017143218869926846
58289.37500003722 0.009487443598856836 0.0018722353177067325
58289.42500003722 0.010214955328789663 0.0027367580582120916
58289.47500003722 0.009303321387008057 0.0022924344681384415
58289.82500003724 0.00466389957033173 0.0014735869735099784
58289.875000037246 0.004924285767320581 0.0016250057467938571
58289.92500003725 0.003918320748010466 0.0014722001901524282
58289.97500003725 0.004360574557817094 0.0021134935256690744
58290.025000037254 0.0038018749858599104 0.0017769827518182473
58290.07500003726 0.004788771091144327 0.0021449510594359084
58290.12500003726 0.004989172335591751 0.0028371771610467555
58290.17500003726 0.005500109278654741 0.002303556986642048
58290.225000037266 0.00636878122260428 0.001717197031227375
58290.27500003727 0.006478622644148815 0.0012848270820455816
58290.32500003727 0.006878078578360392 0.0013320018410349743
58290.375000037275 0.0071756890754541645 0.0016812960718067518
58290.42500003728 0.006767941718115399 0.001719333810674457
58290.47500003728 0.006475217706054354 0.0015449473730628613
58290.8250000373 0.004766515692736881 0.0011752664978949454
58290.875000037304 0.0050395570150739075 0.0012549955286028577
58290.92500003731 0.004499030144956004 0.0017771579216489216
58290.97500003731 0.008631940738391998 0.005588782714701815
58291.02500003731 0.005122398468886398 0.002218367775107026
58291.075000037315 0.004863161563891341 0.003194294957700924
58291.12500003732 0.006109433227788949 0.0021336753993455057
58291.17500003732 0.007895751969000777 0.0021011331301235823
58291.225000037324 0.0073734342195098885 0.0020980780141019078
58291.27500003733 0.008046931427101757 0.001921917478752824
58291.32500003733 0.00886054623964273 0.0021669197895067176
58291.37500003733 0.008367959195684586 0.002612295734133796
58291.425000037336 0.008488593007476591 0.001744522022522048
58291.47500003734 0.008261935314549544 0.0011510274837853503
58291.82500003736 0.007025906687781726 0.000986491112855006
58291.87500003736 0.006683154695222323 0.0017572076787110778
58291.925000037365 0.007087224506656081 0.0025430387126587854
58291.97500003737 0.005939987116735601 0.001684101442048867
58292.02500003737 0.0055505501325790125 0.0023003901095612306
58292.075000037374 0.005747510572705442 0.0023014908066906962
58292.12500003738 0.005776182657911404 0.001845055252579989
58292.17500003738 0.006299837697064942 0.0022414620407958277
58292.22500003738 0.007272233265164297 0.001439625824946926
58292.275000037385 0.0072780039742694 0.0022210728827015856
58292.32500003739 0.007195277731772546 0.0021213486410695034
58292.37500003739 0.0068444257720941416 0.0023140454668353046
58292.425000037394 0.006574835766771966 0.0011453487841497937
58292.4750000374 0.006618740935444037 0.001528760707878157
58292.82500003742 0.00613930064447758 0.0016266013177681897
58292.87500003742 0.005895033411899901 0.0015465750754102045
58292.92500003742 0.005721104040432663 0.002251135131107313
58292.975000037426 0.005100669100651678 0.0020688320860680065
58293.02500003743 0.005834977942410942 0.001606376456188252
58293.07500003743 0.005720238966411606 0.0015302654381272767
