binned_flux_bring.dat
# %ECSV 0.9
# ---
# datatype:
# - {name: time, datatype: float64}
# - {name: flux, datatype: float64}
# - {name: ferr, datatype: float64}
# schema: astropy-2.0
time flux ferr
57786.825000007964 9.492207691329624e-05 0.0024997396693530118
57786.87500000797 -7.426061744600674e-05 0.0029596863113619744
57786.92500000797 -0.003768077280307961 0.003948632557695117
57786.97500000797 -0.005697074951024186 0.005680698721142863
57788.82500000808 -0.0010567439662048466 0.001365296816854068
57788.87500000808 -0.0002790731122540524 0.0026598931498757854
57788.92500000809 -0.0031780525777988125 0.0021432475542613803
57788.97500000809 -0.005091699345991384 0.00209751948678947
57789.02500000809 -0.0065389719082173435 0.00307019522495764
57789.075000008095 -0.003834948582024219 0.0024980819989237403
57789.82500000814 -0.0019792992279883317 0.0019026697144032872
57789.87500000814 -0.0023772993004232733 0.002362178997335324
57789.925000008145 -0.0021825879728435416 0.0007826903969588049
57790.8250000082 -0.0018990571309538881 0.00057084138081363
57790.8750000082 -0.001532887261697803 0.0014111040079280615
57790.9250000082 -0.0015470095269755624 0.0024222313150026793
57790.975000008206 -0.00125815688469379 0.0017404570245510786
57791.02500000821 0.0017332013748974798 0.0023813345516710428
57791.07500000821 0.002385085177166365 0.005623160979494421
57791.825000008255 -0.0012937398411492663 0.0024841144524409132
57791.87500000826 -0.0011180633653504314 0.002659852381025778
57791.92500000826 0.0004950813172215034 0.0028391201268481085
57791.975000008264 -0.0031712940562235855 0.002524423373011972
57792.02500000827 -0.00020187958084242182 0.004447833814024878
57792.07500000827 -0.0001290725922461318 0.004591453287786392
57792.77500000831 -0.0027401408734651356 0.001851726342777249
57792.82500000831 0.00043545699014211004 0.0019710037556096016
57792.87500000832 0.00019184378574089265 0.0018780486621712768
57792.92500000832 -0.0008346153274578344 0.0028180955401509414
57792.97500000832 -7.439057400184598e-05 0.0029839790137035672
57793.82500000837 -0.000935909960046071 0.002493170049818489
57793.875000008375 -0.002131800802139527 0.0012119123512480887
57793.92500000838 -0.0009792192756145623 0.0032233524890588503
57793.97500000838 -0.0013982728245881299 0.003163902763665107
57794.02500000838 -0.003481136371470124 0.004120120118910676
57794.075000008386 -0.002648454629411212 0.0034151829323732347
57799.92500000873 -0.000880579958729457 0.003381330727542728
57799.97500000873 -0.0017227983923019082 0.004258774262888436
57800.02500000873 0.0007903840689792123 0.002944445027310642
57800.075000008736 -0.003351081535024471 0.0020420732912325677
57800.775000008776 2.8507503118224697e-05 0.0005828438388760175
57800.82500000878 0.0007883158577507432 0.0014899458620081562
57800.87500000878 -0.0029477758571190044 0.0036794024789224937
57800.925000008785 -0.001893305074817997 0.0030983241412386115
57801.92500000884 0.0005217406199568564 0.0035844021727230576
57801.975000008846 0.000724543727836678 0.005613391831864954
57802.77500000889 -0.00347176216639114 0.0025119379953168737
57802.825000008896 -0.0034456306300699206 0.002959749908868434
57803.77500000895 -0.002977277092063385 0.0018423657221622951
57803.825000008954 -0.001796695773143453 0.004598484329629541
57804.77500000901 -0.002799875166519139 0.00224982930903931
57804.82500000901 -0.003068462820234588 0.001510511918731619
57804.875000009015 -0.003814186398598437 0.003147573730004527
57807.82500000919 -0.0027084863459697073 0.004221405457968727
57807.87500000919 -0.004122982427530587 0.003686917911206254
57807.92500000919 -0.0024889362719776255 0.002190606572549281
57807.975000009195 -0.003135444301048166 0.003875479553573093
57808.0250000092 -0.002084293333344137 0.004289885917400188
57808.77500000924 -0.0021546441082469134 0.0005162110498188369
57808.825000009245 -0.0035480025767159083 0.003735815398807133
57808.87500000925 -0.005288469407469775 0.001326386875548664
57808.92500000925 -0.0018165264518013292 0.0038307198847712756
57808.97500000925 -0.004472492110734242 0.003544368580221404
57809.02500000926 -0.003594581872195404 0.0035017298208758667
57809.07500000926 -0.004487406803889193 0.008449426701249428
57809.7750000093 -0.0035468443641464287 0.002305058985771443
57809.8250000093 -0.0019678454496432213 0.003449194602766828
57809.875000009306 -0.006551161645308932 0.0037034485116548546
57809.92500000931 -0.005277538519823052 0.0036566108094750367
57809.97500000931 -0.005342277573518041 0.004617496175035103
57811.77500000942 -0.0032911522899269907 0.002783576634966593
57811.82500000942 -0.0053338654015012525 0.0011275158549490713
57811.87500000942 -0.0043824838787952436 0.0029087776133276595
57811.925000009425 -0.0026042038273622527 0.0019355288440190525
57811.97500000943 -0.002303589651008599 0.00319885235598942
57812.02500000943 -0.001441424707823943 0.002890159450068168
57812.92500000948 -0.0016491010285925528 0.006685159409106041
57812.97500000949 -7.547432845818787e-05 0.004772249717337871
57813.77500000953 0.002284157552877263 0.002212599870762869
57813.825000009536 -0.0005679456078642889 0.0013460587256412077
57813.87500000954 -0.002853756559190982 0.003321034662966583
57813.92500000954 -0.0018583307611398845 0.0036716744179552865
57813.975000009545 0.00156055734263426 0.005254863504369796
57814.02500000955 0.0004965196046062191 0.005293680543533525
57814.77500000959 0.0038382675139107536 0.0050993089423616005
57814.825000009594 0.001432040242460448 0.001953351067559011
57814.8750000096 -0.001068701941365162 0.0024134243631646598
57814.9250000096 -0.002764532849021379 0.002668772194196538
57814.9750000096 0.002816013008808712 0.005618061091527547
57815.025000009606 0.001890212299992644 0.0014755007642103504
57815.875000009655 -0.00019277794622925005 0.0025966797162388614
57815.92500000966 -0.00043646444595655767 0.0019581920540636837
57815.97500000966 3.0126978059041853e-05 0.0038034554364142653
57816.025000009664 -0.0005883579666669994 0.0012063198600781762
57816.87500000971 -0.0010227037446161127 0.003095914723309312
57816.925000009716 0.00015714729350061547 0.0023616983491978644
57816.97500000972 0.0008282758170924387 0.0034046770753022233
57817.02500000972 0.0012514729396944945 0.00381597218836411
57817.775000009766 0.0006001332847388908 0.0010729874110317525
57817.82500000977 0.002089650752007915 0.0037987144112433128
57817.87500000977 -0.001416928589019454 0.006220273482261883
57817.925000009775 0.002391195831216751 0.003442165603320775
57817.97500000978 -0.0011274590170812055 0.004593957022269571
57818.02500000978 -0.00320238285702685 0.004343224163034948
57818.92500000983 0.002426732884866302 0.0046653792496523135
57818.975000009836 0.0004868523715771357 0.0026476261436017634
57819.02500000984 -0.0026061609316525886 0.00423358228817486
57819.87500000989 0.0033537976257856927 0.0020950015030587717
57819.92500000989 0.0024030886762140225 0.0018531436920464783
57819.975000009894 -0.0008254088986879928 0.0035830620048540817
57820.0250000099 0.0003959642322025109 0.0029268604607366167
57820.77500000994 0.004568269818222337 0.003253669862000321
57821.77500001 0.00446834862030171 0.0010030670405980061
57822.925000010066 0.004025585985355135 0.0037955511593720796
57822.97500001007 0.0008738757582590778 0.0017767782918637896
57823.02500001007 -0.000816213983613682 0.0027628304327632835
57823.775000010115 0.0021738605006690506 0.0017039797143897219
57823.82500001012 0.0013179058057399317 0.00177433252671725
57823.87500001012 0.0017296031887310628 0.0021657895486753608
57823.925000010124 0.0015803055564285867 0.0024767816413611525
57823.97500001013 -0.0019093474698992838 0.002205896374571893
57824.02500001013 -0.004934565317010775 0.002284419594549924
57824.77500001017 0.0010638452842811157 0.002077649799514936
57824.825000010176 0.0017180214392245213 0.002070825076350469
57824.87500001018 0.001643867785653373 0.0026160654922891885
57824.92500001018 0.0008257683702439767 0.0044361896314173924
57824.975000010185 -0.0033898082235224816 0.00200112969775378
57825.77500001023 0.00030314214538031586 0.0012283460871079887
57825.825000010234 -0.0006764697173574863 0.001503493010704447
57826.77500001029 0.005697449945597362 0.0028530462556527946
57826.9250000103 0.00945567860833274 0.00523148392570679
57827.77500001035 0.004275151370320044 0.0024348673119261406
57827.82500001035 -0.00012098083949044855 0.0029613620104745526
57827.875000010354 0.002291179467560419 0.0028422653744088595
57827.92500001036 0.004162085884618493 0.004562992225047517
57827.97500001036 0.0023646392482571466 0.0035125546837195356
57828.02500001036 0.007017870094892568 0.0032762287824008416
57828.82500001041 0.007910572027275013 0.005727298998431109
57828.87500001041 0.0069304982624045575 0.005030307621160504
57828.925000010415 0.008505350556753201 0.004276899235546945
57828.97500001042 0.004961819035615156 0.0030869548424748163
57829.775000010464 0.008149662506872657 0.001570546891224331
57829.82500001047 0.009518463150902101 0.0025446151555678165
57829.87500001047 0.00746539422231881 0.003059792519766111
57829.92500001047 0.007523269209628846 0.0038528323965023007
57830.77500001052 0.008579601757137184 0.002938587699551216
57830.87500001053 0.004755905668799201 0.009151151408168664
57831.97500001059 0.00010693916171497905 0.005095082245874053
57832.92500001065 0.0018397649901366053 0.006770948611259844
57832.97500001065 -0.005602149712109357 0.004964692214406304
57833.925000010706 0.004720094680305524 0.00891135976187216
57835.77500001081 0.007332024441465002 0.0031667127273819692
57835.82500001082 0.006056496956070049 0.004160316899432779
57835.87500001082 0.002513304192230517 0.006579094556109532
57835.92500001082 0.0017652284993059802 0.003690615080585253
57835.975000010825 0.006027692731340362 0.005664090286467355
57836.77500001087 0.006276968966344861 0.0032167676061329803
57836.825000010875 0.004387676558065712 0.005441829061611856
57836.87500001088 -0.0011130208148338158 0.005350939933015674
57836.92500001088 0.002772341466013897 0.005677574607436932
57836.97500001088 0.004059509013059219 0.004025759690841836
57837.77500001093 0.005845603547152578 0.002785108787669928
57837.82500001093 0.004962619528577267 0.006312664367299509
57837.875000010936 0.0020345117866534725 0.0030047261079525355
57837.92500001094 0.004116601269426138 0.00699493782553803
57837.97500001094 0.00495476623483145 0.003315977206409816
57838.77500001099 0.007038225455121476 0.002539550434577379
57838.82500001099 0.004982429623282357 0.002798797112654983
57838.875000010994 0.005025719507672901 0.005211807875479496
57838.925000011 0.0038995272607288333 0.004582744790481134
57838.975000011 0.004564557154975335 0.0025374296824983967
57839.775000011046 0.007497358708392616 0.00214885828320375
57839.82500001105 0.00335534248882299 0.0034104430630473278
57840.775000011105 0.007126809346343448 0.002966633771282008
57840.82500001111 0.0046480156309662846 0.002039674216439515
57840.87500001111 0.004081721052938818 0.004446724187392332
57840.92500001111 -0.0020899631820828074 0.006890739920729194
57840.975000011116 0.009007561312169066 0.005617125065545594
57841.77500001116 0.00803870473411485 0.0019600957553355227
57841.825000011166 0.007382802617778842 0.002589480863986611
57841.87500001117 0.008259716161738852 0.0026896024672942763
57841.92500001117 0.005746452388928839 0.0031530192798444193
57841.975000011174 0.008569510491730737 0.0036651595186066423
57842.77500001122 0.00675867513332884 0.002440037632248177
57842.825000011224 0.007005627176999406 0.00263803268510207
57842.87500001123 0.007651412473257785 0.0051721015282454605
57842.92500001123 0.003773938262250666 0.006349912035666551
57842.97500001123 0.006355789995153528 0.003584423909814718
57843.77500001128 0.009174392343707026 0.0013408553371720463
57843.82500001128 0.006374476119390494 0.004195274882465906
57843.875000011285 0.004814555344621996 0.004385824541782399
57843.92500001129 0.0049726441377105825 0.005132495391283891
57843.97500001129 0.008183917738426737 0.003746342268102692
57844.77500001134 0.0020698785223036698 0.004048551456614684
57844.82500001134 0.004359291232592282 0.0024759733072743846
57844.87500001134 0.003599838531381199 0.004382601390547842
57844.925000011346 0.0022880797938066386 0.006566208201314286
57844.97500001135 -0.000727726243244381 0.004855769748962252
57845.775000011396 0.0036998990438198175 0.0033260369211094904
57845.8250000114 0.005715381576071147 0.002905824821565398
57845.8750000114 0.000472461015446077 0.0036917485592249362
57845.925000011404 0.003429976818411118 0.003350979659015684
57845.97500001141 0.007371405419473216 0.003232110924658866
57846.775000011454 0.004971164213460333 0.0032205782095031175
57846.82500001146 0.0064284021695728555 0.0027765567366355762
57846.87500001146 0.0030394500651435108 0.0030973164461220335
57846.92500001146 0.007560907598580698 0.0038246803056810872
57846.975000011465 0.009263372768934333 0.002845672248330113
57852.825000011806 0.00676336917023912 0.0038408193654509274
57852.87500001181 0.001436713133650791 0.002307215446382362
57852.92500001181 0.0016957022418144358 0.00260119608412376
57853.77500001186 0.0023449092921088177 0.00465434690759105
57853.825000011864 0.0025630731107013477 0.0033981086603186625
57853.87500001187 0.0009311134308739139 0.002998236156364839
57853.92500001187 0.002441600691557344 0.0027301446558233872
57854.77500001192 0.0033291362460052504 0.002339999453266825
57854.82500001192 0.0031777634361843323 0.0035410977080497274
57855.87500001198 0.0004713384158244294 0.0032185815214416484
57856.82500001204 0.001944441707168652 0.0028960075799901474
57856.87500001204 0.0015756107233032954 0.0026850673168252468
57856.925000012045 0.002359994258608375 0.0033507800114536248
57858.72500001215 0.006150284853015386 0.0033934466790799095
57858.77500001215 0.0029365022053361605 0.0018179721091219976
57858.825000012155 0.00013454630373529368 0.003397474506000271
57858.87500001216 0.004377337156451119 0.004582365992768326
57858.92500001216 0.0014211029572626893 0.004485576361803368
57859.72500001221 0.007004159826037704 0.003759090303880663
57859.77500001221 0.008678579716341181 0.003047743548076895
57859.82500001221 0.00798577097424403 0.0033241859138719407
57859.875000012216 0.005499558792972116 0.004613162161721454
57859.92500001222 0.006453592832792132 0.00466104642201571
57860.725000012266 0.009059062874820745 0.0017638195466007853
57860.77500001227 0.005888019766124937 0.003160565025476694
57860.82500001227 0.00853625983496504 0.0034381750437787735
57860.875000012275 0.005337378247323174 0.005692578948114786
57860.92500001228 0.0031303640656583755 0.0060568805460113765
57861.725000012324 0.006320714106614463 0.003992559317713089
57861.77500001233 0.008284074482343447 0.0029875786080420835
57861.82500001233 0.00976052751094433 0.003140316615531868
57861.87500001233 0.005448651905650547 0.0048932160071203275
57861.925000012336 0.005638612406842047 0.004119187168526303
57862.72500001238 0.005148716457281832 0.0008240788976156073
57862.775000012385 0.006363487112015842 0.002856918072628421
57862.82500001239 0.008265149233798704 0.003144667096481753
57862.87500001239 0.004669667016648037 0.004283923447423588
57862.925000012394 0.004303061704488034 0.0036189981863475134
57863.72500001244 0.0043351243843925856 0.004468989242735538
57863.77500001244 0.0060398283367384875 0.002809563194735886
57863.825000012446 0.006392721228766577 0.004294719496680742
57863.87500001245 0.004854063527877032 0.0040933685759264584
57863.92500001245 0.0059204819720884505 0.0033431532509498986
57864.7250000125 0.0010852464822574959 0.005014093906317369
57864.7750000125 0.004194521931613071 0.0036797679303882218
57864.825000012504 0.003638550495637668 0.006398020079032377
57864.87500001251 0.002394580927151587 0.0031975490007707624
57864.92500001251 0.00490886343509581 0.0032333394743276674
57865.72500001256 0.0018496392258661547 0.004234076097747255
57865.77500001256 0.005535211813814034 0.004162690032259982
57865.82500001256 0.003124486984620835 0.00886977782778288
57865.875000012566 -0.0033861929916332045 0.005464201157840645
