binned_flux_brite.dat
# %ECSV 0.9
# ---
# datatype:
# - {name: time, datatype: float64}
# - {name: flux, datatype: float64}
# - {name: ferr, datatype: float64}
# schema: astropy-2.0
time flux ferr
[from data line 2333]
57876.27500001317 -0.0010015643333578517 0.002741237957540647
57876.325000013174 -0.002045334259204163 0.0027345106832587112
57876.37500001318 0.0015965774639337164 0.005322983466078282
57876.47500001318 -0.00024489588103855225 0.005037240937225341
57876.525000013185 -0.0020639089635337733 0.005851682773397512
57876.57500001319 -0.0002134829019072376 0.004994776047878429
57876.7250000132 0.0016151959959337678 0.003999689866848678
57876.7750000132 0.0002661070314621372 0.0008408378411635046
57876.875000013206 -0.0008725325079554766 0.005482184586596218
57876.92500001321 -0.0024481654543627796 0.005062349132962824
57877.12500001322 -0.0016843402905630457 0.0028185179276819117
57877.225000013226 0.0013316860050529061 0.002619480627929453
57877.27500001323 -0.0022245368268247745 0.0010037293116481826
57877.32500001323 -0.0015674784200114726 0.005441885727121578
57877.42500001324 0.0018608111886920956 0.005880334473906028
57877.47500001324 -0.0016623650753864354 0.0029569989013608984
57877.525000013244 -0.0006907134994977951 0.0032461877784787227
57877.62500001325 0.0009111140706755927 0.00384468351217001
57877.67500001325 0.0008716062532268717 0.002542364239778132
57877.82500001326 0.0008099465897712529 0.0018922381007120568
57877.875000013264 0.001820957584838051 0.003733096202387547
57877.97500001327 0.0015762198465952221 0.0037137928367659296
57878.075000013276 -0.0031823676115677207 0.004627556184968334
57878.225000013284 0.0031335623949970267 0.004573907223186653
57878.27500001329 -0.000393043650730477 0.002771271683414743
57878.37500001329 0.0015720349247570393 0.002624370149914379
57878.425000013296 0.001442971315267733 0.00452459089517793
57878.4750000133 -0.002421008566558494 0.00511782993885158
57878.5250000133 0.0030165158632858846 0.004991629778346499
57878.575000013305 0.0027253570339010455 0.005298232722644761
57878.62500001331 0.00025458476730355617 0.003012202280232304
57878.72500001331 -0.0007982239881314841 0.007113630455563378
57878.77500001332 -0.0009716548651637582 0.0048429820617486
57878.82500001332 0.00039009505999599745 0.0032004710482336184
57878.925000013325 -0.003164988298870993 0.0017873557648395886
57878.97500001333 -0.0020373319460275873 0.004597832192184428
57879.02500001333 0.004889230902180242 0.0030456081989470598
57879.12500001334 0.000682902045762744 0.006676472439169291
57879.17500001334 -0.000711910973764816 0.004979787110458544
57879.22500001334 -0.001806170539551255 0.0020992094181187197
57879.275000013346 -0.00097719426572207 0.0012425356381166736
57879.32500001335 -0.0008684364581406859 0.0027902154047807735
57879.37500001335 -0.0017987998450942264 0.004666213621415401
57879.47500001336 0.0012639891213941934 0.00533509694491988
57879.52500001336 -0.004561088706043633 0.005692496720158806
57879.57500001336 0.001138442072386717 0.005433532844310315
57879.67500001337 -0.0004831384365603296 0.004373117521658682
57879.72500001337 0.000656469945329598 0.003300589240428248
57879.775000013375 0.0006107772886048357 0.002248888469409523
57879.87500001338 0.0018703706885738667 0.00543267873842422
57879.92500001338 0.0009269578512100344 0.0026188490158582886
57880.125000013395 -0.0011064174913105501 0.004480374593309
57880.2250000134 0.00477513616784365 0.003658469381126215
57880.275000013404 0.0022574533775362145 0.0026138570093846565
57880.32500001341 -0.00225479299551739 0.0028595089567006932
57880.475000013415 0.002727539769697811 0.005168726772142157
57880.52500001342 -0.001130275954644151 0.004721694866001616
57880.625000013424 -0.00011454701535459725 0.005541856902573161
57880.67500001343 0.0004165623339888828 0.0031910899645260973
57880.77500001343 -0.0014352597154023308 0.005100778450377708
57880.825000013436 -0.0009182755131585695 0.003892071153867542
57880.87500001344 -0.0021322701373016786 0.0024573612651201107
57881.02500001345 -0.0007891988002887262 0.004540422822257782
57881.07500001345 0.004703117092417257 0.0028780528857626666
57881.175000013456 -0.002149775046302325 0.004352655074895169
57881.22500001346 -0.00030271932908726 0.0030478857406864416
57881.37500001347 -0.001295658519683283 0.004067293079079507
57881.42500001347 0.00016112487070120418 0.0003035841164157312
57881.52500001348 -0.001585623353150915 0.003849492067646059
57881.57500001348 -0.0013621800737019002 0.004616386487892569
57881.62500001348 0.0021813943667326474 0.00465388920783288
57881.72500001349 -0.0020609045784709995 0.005047519925642319
57881.77500001349 -0.0031124588289271177 0.005605783106871809
57881.825000013494 0.0019118264709970202 0.005384383052095844
57881.9250000135 0.003512010136120113 0.003209168495058419
57882.12500001351 -0.002844755875451101 0.00525299011559915
57882.175000013514 0.0025851913374927518 0.005978825120919716
57882.27500001352 -0.0006126056691415452 0.002475306536108644
57882.32500001352 -0.00018888095874937714 0.00415337712677753
57882.47500001353 0.0008115293949200278 0.004403747579918886
57882.525000013535 0.002648569196147445 0.006414333623031059
57882.57500001354 -0.003187125305895335 0.006302839219252672
57882.67500001354 0.0008748768133520768 0.0057204899972245595
57882.72500001355 -8.338486333478049e-06 0.005071273882530598
57882.77500001355 -0.0009413635259208353 0.0020652269173388896
57882.875000013555 0.0035359653265869934 0.007884380111618027
57882.92500001356 -0.0016480233586178377 0.001092348889804939
57883.025000013564 -0.000684421755998856 0.003100475808952721
57883.07500001357 0.0014887547752772568 0.005688586335977173
57883.12500001357 0.001983405513001993 0.0018125578353565509
57883.225000013575 -0.004691644171599325 0.0036590960849217998
57883.27500001358 -0.003261679066712991 0.005157356388197343
57883.32500001358 0.00024255537450261952 0.003479627585331587
57883.42500001359 0.0017024349637896712 0.005042284825394554
57883.47500001359 -0.0020800573589672355 0.002727087157680614
57883.52500001359 -0.001660704055762685 0.0010622156401979325
57883.575000013596 0.0018187526950100286 0.002100357445878537
57883.6250000136 -0.0033776565671273305 0.004866305712663122
57883.6750000136 0.0024047106106434755 0.005179914462984769
57883.77500001361 0.0027074052629745917 0.003922017004413884
57883.82500001361 -0.0021083439175651553 0.005325400507507983
57883.87500001361 0.001214414031048161 0.003640522982845735
57883.97500001362 -0.0005706614236848595 0.004079003533600615
57884.02500001362 -0.004213074424142415 0.005718921406859835
57884.075000013625 -0.0012084447899524278 0.004119027325972419
57884.17500001363 0.00167182461587869 0.0025631051890886553
57884.225000013634 -0.0018786696244912267 0.006219919393644121
57884.27500001364 0.0014682953467799686 0.0031035286648113847
57884.32500001364 0.0008887854195121087 0.002777580553650899
57884.37500001364 -0.0007323391869051929 0.005612958727227519
57884.425000013645 -0.003849467347771418 0.003650724063037633
57884.52500001365 0.0016230216758088278 0.0034431632215528316
57884.575000013654 0.0017966853795599975 0.00354971286661729
57884.62500001366 -0.0020056567050709497 0.0011768250326678257
57884.72500001366 -0.0019095077316049 0.0012089731873109074
57884.775000013666 0.002294101208008413 0.0039042586177963677
57884.925000013674 0.00044534528229234205 0.0021511483291028486
57884.97500001368 -0.002293883950599312 0.0024431112852677695
57885.07500001368 0.00013647581640838236 0.003395222404894465
57885.17500001369 0.0006534296554427018 0.002340446179493397
57885.275000013695 -7.170409201788321e-05 0.007120179459792374
57885.3250000137 0.0007965057326429095 0.0039653233536869345
57885.3750000137 0.0013299534135745028 0.005437883477953972
57885.47500001371 -0.0026686658417713087 0.0022802560949936003
57885.52500001371 -0.0015595365227985918 0.0024182938404290672
57885.57500001371 -0.004261729288142108 0.00287961221556869
57885.67500001372 0.0013553527304264264 0.00573673775832131
57885.72500001372 0.004594211397101528 0.004080472178759515
57885.82500001373 -0.003068960594547143 0.0038461025551861892
57885.87500001373 -0.0015310399918287143 0.0015173185018883025
57885.92500001373 -0.0008126987053740888 0.004197236471602513
57886.02500001374 0.0015032834176420455 0.0043726861386726434
57886.07500001374 9.359418829916285e-05 0.005005954931263774
57886.125000013744 0.002609990685230166 0.002772206477622516
57886.27500001375 0.001194070292121217 0.00517912924927414
57886.325000013756 -9.774889126536377e-07 0.0052935260661729775
57886.42500001376 0.00048448713649721736 0.002849020200562527
57886.475000013765 -0.0012147710147455495 0.005776783518036253
57886.57500001377 0.0003360828953044332 0.004956165499043468
57886.62500001377 0.002262030469543993 0.005859956523636914
57886.675000013776 -0.0019934965400721133 0.004434963342619727
57886.77500001378 -0.0017439044317085885 0.0024449969379781613
57886.825000013785 0.0026920414111440603 0.003665078988005224
57886.87500001379 0.00037355327308182966 0.004265960807478433
57886.975000013794 -0.0025151016239459032 0.0025780204891524988
57887.0250000138 -0.0008107889744088443 0.007101096556310617
57887.0750000138 0.0024019577398307346 0.001190066506167445
57887.175000013805 -0.0003626981538844352 0.003804423217994697
57887.22500001381 1.5195681312878723e-05 0.006663277299981098
57887.325000013814 -0.0005579357616185756 0.003535564471925222
57887.37500001382 0.0023529413341940473 0.004481808035656522
57887.42500001382 -0.002766525480537787 0.0032327598755279344
57887.525000013826 0.0035678107260010577 0.005489169944326432
57887.62500001383 -0.001000459302855879 0.0025852969783124987
57887.72500001384 0.0023995242376696015 0.0036121450923656258
57887.77500001384 -0.000715891258488921 0.00446222450205466
57887.82500001384 -0.001330080773927473 0.0015746923950476302
57887.875000013846 -0.0017431849227563523 0.002519838506532503
57887.92500001385 3.073141302566674e-05 0.005503423621292157
57887.97500001385 0.003101142966774592 0.004069024402383539
57888.07500001386 -0.00011277441384214783 0.007269242202723611
57888.12500001386 -0.002679610597725782 0.003394298612825187
57888.17500001386 -0.0009837434320795202 0.0033705490755232487
57888.27500001387 -0.0015302007376660671 0.005157314739237738
57888.32500001387 -0.002934124443268032 0.004290823552183956
57888.375000013875 0.00045657234226092097 0.0034236595374466435
57888.525000013884 -0.0031465940916041713 0.004311432284221562
57888.57500001389 0.001257447936732307 0.0033009777615391725
57888.62500001389 0.0017065607845780557 0.0033643959473083646
57888.67500001389 -0.0022778563900687867 0.003257666785591874
57888.725000013896 8.892563419157532e-05 0.0046452756748840375
57888.8250000139 0.0009736841693129717 0.0008034372139152217
57888.875000013904 -0.00038496407744866213 0.004788288897818548
57888.92500001391 -0.0018504325016314967 0.004415405665251523
57889.075000013916 0.0026959532206201064 0.005405930123662829
57889.12500001392 0.0010087706181209203 0.001867176993282899
57889.225000013925 0.0012115767183831386 0.0034096552122542764
57889.27500001393 -0.0032804619664672688 0.004168860718377233
57889.32500001393 -0.0008326211613898793 0.004260282330050009
57889.37500001393 0.00156736701699145 0.004472284041407855
57889.42500001394 0.0033898545968219693 0.005436601324313614
57889.47500001394 0.0012519705239963375 0.004827074823108859
57889.575000013945 -0.0011405107309340903 0.006961546324741768
57889.62500001395 0.0038374503078809907 0.005187220042826498
57889.67500001395 0.0013849741937157186 0.0028810101084095516
57889.77500001396 -0.0012817225410193533 0.002792617612904543
57889.82500001396 0.000621999601308971 0.005637873347833794
57889.87500001396 -0.0001530637389021705 0.008414804661853908
57889.97500001397 0.002314503254696489 0.004627588911154808
57890.12500001398 -0.0013241653079293875 0.0034880419308778135
57890.17500001398 -0.0056366227729127815 0.001634888415460618
57890.22500001398 0.0027596160363144292 0.003358609856507616
57890.32500001399 0.0015919017158007886 0.002899499320421416
57890.37500001399 -0.0014591165803225857 0.003110024444860151
57890.425000013995 -0.00017203495953432846 0.004384298662459852
57890.525000014 -0.0014863590363325314 0.004195637035806424
57890.575000014 0.0017840820350550567 0.0016748971406548424
57890.625000014006 0.0007378997970978698 0.003159086306284727
57890.72500001401 -0.001943738804571335 0.006298487422682959
57890.775000014015 0.0011926763515122119 0.003025587361414564
57890.925000014024 8.925872880726216e-05 0.0016099838120572606
57890.97500001403 -0.001817252174762335 0.00396423539244371
57891.125000014035 0.002026413181043181 0.004789311427710865
57891.17500001404 0.0006759533261701786 0.0026296753223577986
57891.275000014044 -0.0008255745500348308 0.0041593027551728124
57891.32500001405 -0.001712697376595777 0.004446320521115379
57891.37500001405 0.0032778720629073497 0.0029149946528976493
57891.475000014056 0.0024542817644834882 0.003710540289311077
57891.52500001406 -0.0007667841334305446 0.005526218984606947
57891.625000014064 -0.005433358330203914 0.002757985523510957
57891.67500001407 0.005008745918442743 0.00299804021552783
57891.72500001407 -0.0015415917292842273 0.005816172116014444
57891.825000014076 -0.0011994548325028433 0.0022456885728142674
57891.87500001408 -0.0004714266255590107 0.0032044730605229285
57891.92500001408 -2.5803426186925866e-05 0.00472643926603535
57892.02500001409 -0.000393205167917763 0.00515559970740023
57892.07500001409 0.0011938834317949873 0.004878716786444085
57892.12500001409 -0.0008923319909177497 0.005806234057153165
57892.2250000141 -0.0004361186449670096 0.0051433548693754485
57892.2750000141 0.004236211444592861 0.0053733091010377786
57892.37500001411 0.0018658936225434642 0.00552614884116777
57892.42500001411 -0.0019635145984752233 0.0023278535456687406
57892.475000014114 0.000342046025524943 0.005992042517731258
57892.57500001412 -0.002056952936256832 0.005357635546639664
57892.62500001412 0.0015225962241999236 0.0032761486565639018
57892.675000014126 -0.0037597118413535114 0.00461461265458655
57892.77500001413 -0.0006506005176876439 0.0026457451922771063
57892.825000014134 0.0010191067214381604 0.0040973209037876495
57892.87500001414 0.00279940462110298 0.0029793842357633917
57892.97500001414 0.0027126949786255156 0.0028983947668620095
57893.175000014155 -0.0009528656154483521 0.004838280621722031
57893.22500001416 -0.0007207752367822673 0.004416532589549036
57893.32500001416 -0.001774220910018712 0.0047933050782602345
57893.375000014166 0.0008834032120262902 0.0028423959810094175
57893.42500001417 -0.0004904414427316726 0.0038823543812769997
57893.57500001418 -0.0021952208260738646 0.003956395115252105
57893.62500001418 -0.0006271651703968484 0.0022899148593177347
57893.675000014184 0.0002957059893510472 0.0023557266706154987
57893.72500001419 0.0004114353024392388 0.0035741075307457355
57893.77500001419 -0.001632709090038225 0.004452108950236089
57893.875000014195 -0.0033930245195949492 0.0036065673251929904
57893.9250000142 0.0009306891356238948 0.003066932909787952
57894.07500001421 -0.0009633305185400893 0.00259488717135749
57894.32500001422 0.0014243601831634544 0.0045291660266540724
57894.375000014224 -0.00413597795764995 0.005681901275830902
57894.42500001423 0.000998302666189299 0.007358994142055295
57894.47500001423 8.959291980808599e-05 0.004951203190349808
57894.52500001423 0.00141706246315034 0.005256628744155985
57894.62500001424 0.0004750026473044172 0.00742959970136366
57894.67500001424 0.001008185909135682 0.0024541227525196065
57894.725000014245 5.056060094850003e-05 0.0040109136613744175
57894.82500001425 -0.0009324877583970657 0.005093490009057339
57894.87500001425 0.004553226077176301 0.003521778360137966
57894.92500001426 0.0003163512968454952 0.005894786846178707
57894.97500001426 0.002532684185174383 0.003428803381975231
57895.075000014265 -0.00010871070081137378 0.00473018470376168
57895.17500001427 0.0024224663417532566 0.005515128211754434
57895.225000014274 0.000935070873964181 0.004710657296003998
