binned_flux_brite.dat
# %ECSV 0.9
# ---
# datatype:
# - {name: time, datatype: float64}
# - {name: flux, datatype: float64}
# - {name: ferr, datatype: float64}
# schema: astropy-2.0
time flux ferr
[from data line 1555]
57807.625000009175 0.00030191591332520066 0.00460990462524854
57807.67500000918 0.004473002301787024 0.0036640651898656234
57807.72500000918 -0.0019183875948539375 0.00432356024603779
57807.82500000919 0.0003546718132903583 0.00318273841539616
57807.87500000919 0.0022499059435425886 0.004387929224257478
57807.92500000919 -0.00040869163764979525 0.004537481015477782
57808.0250000092 0.0020651183789881056 0.004182024539788033
57808.0750000092 0.001076329395997979 0.0029197822507485787
57808.22500000921 -0.003340773018845709 0.004524631433718986
57808.27500000921 0.000521754066179126 0.0029972266685034414
57808.37500000922 -0.001344890898577089 0.004396164100475559
57808.42500000922 0.003085016405287117 0.0015448178350263642
57808.475000009224 0.0028181627719616235 0.005134677922518925
57808.57500000923 -0.0009432809875959921 0.003967052539249366
57808.62500000923 -0.001497551456884419 0.0029808324003015516
57808.675000009236 -0.001732684505710445 0.00398798980392506
57808.77500000924 -0.0004504142358111874 0.004230216043539617
57808.825000009245 0.003417870078038917 0.003051516102996243
57808.87500000925 0.0003017888473374475 0.0048248815153811315
57808.92500000925 0.0023157359114908986 0.00396516967007095
57809.02500000926 -0.00096943337407214 0.0010197844335277052
57809.12500000926 0.0013891153580372312 0.002727248991960174
57809.175000009265 -0.000275911776825098 0.0024986371955790483
57809.22500000927 -0.00033456519442420785 0.00563228254328404
57809.325000009274 -0.0007532884092005488 0.0026870575208816677
57809.37500000928 0.00032418882128957714 0.004362742283069164
57809.42500000928 0.0011788005021482906 0.00570460814369705
57809.47500000928 -0.0011503348646117277 0.0024076372532800447
57809.525000009286 -0.0016649156047954924 0.005836100101890898
57809.57500000929 -0.00035920172128636345 0.00441734210658359
57809.62500000929 0.0006031518809366572 0.0058413569279027
57809.675000009294 0.00041361895689381867 0.004667446187091738
57809.7250000093 0.0022819396392738363 0.005903965236446549
57809.7750000093 -0.0030312017195808756 0.004453846749507149
57809.92500000931 0.0006369972908662578 0.0048359459016022125
57809.97500000931 -0.001241136419899031 0.006660288415977363
57810.07500000932 -0.00040319444958942114 0.005114320398633982
57810.12500000932 0.0023253711436041903 0.0037302181100953855
57810.17500000932 -0.0011935039443738869 0.004426186147170517
57810.225000009326 -0.0025361308133902832 0.004749439526956487
57810.27500000933 0.0014665414699731594 0.006621318434902726
57810.32500000933 4.63034006858265e-05 0.0042502180412279916
57810.42500000934 -0.0015926884601061347 0.00526720655340221
57810.47500000934 -0.000634121443431414 0.0036346916694350515
57810.525000009344 -7.442718179301517e-05 0.0041557225109595895
57810.62500000935 -0.0001113387462555876 0.00456346958848305
57810.67500000935 -0.0006660868976833697 0.004936507683690233
57810.725000009355 -0.00038106935953185594 0.0030636221005989053
57810.82500000936 0.0010534866619598497 0.004362910489549608
57810.875000009364 0.00047116412765732627 0.0037608874522215446
57811.075000009376 0.0021520317814866406 0.00415999919303205
57811.17500000938 0.002967995119260928 0.004162607886749348
57811.225000009385 0.00033166304788773674 0.004925881977967828
57811.27500000939 -0.00316986773937865 0.005644551480049732
57811.37500000939 0.000678374886156712 0.003522703223670284
57811.425000009396 -0.001838442636013212 0.003576430710216597
57811.4750000094 -0.0018619324354758528 0.003843788508431396
57811.575000009405 0.001060819061733918 0.0035362196681331904
57811.62500000941 -0.0009979458764106219 0.005078891721337083
57811.67500000941 0.0038195835418852963 0.00468230142148668
57811.72500000941 1.603353093164252e-05 0.0043323238761085025
57811.77500000942 0.0004170761963811874 0.004256436473446219
57811.82500000942 -0.0017944792722516768 0.004646419709025598
57811.97500000943 0.001986589385557538 0.004079392403919864
57812.17500000944 -0.0001326192292315945 0.00461101061210614
57812.22500000944 0.00154011425842316 0.004484704090369516
57812.32500000945 0.0017979745912200756 0.005885534230300355
57812.37500000945 -0.00266415988820135 0.003298738690979965
57812.425000009454 0.0006808689562893574 0.005631688068844169
57812.47500000946 0.00023442766915032082 0.004743849211122604
57812.52500000946 0.001921848801779392 0.00264560901878699
57812.57500000946 0.0013856778145590193 0.004645525277305889
57812.67500000947 -0.001296565803252168 0.004953450490644424
57812.72500000947 -0.00034744899295711116 0.00489701828864086
57812.775000009475 0.0027677227748088315 0.0024113638096297995
57812.92500000948 -0.00020683964150080528 0.0047378107771547055
57813.32500000951 0.0014172861934354556 0.00430203862730092
57813.42500000951 0.0006377903323711362 0.004707848068376311
57813.475000009515 -0.0019399323922143087 0.004715657318674334
57813.52500000952 -0.0014014108332944314 0.00475688426984774
57813.625000009524 -0.0005448644049774993 0.004865294148018104
57813.67500000953 0.0003098547685492898 0.006504220954045673
57813.72500000953 -0.002349713290179378 0.0017807538106587677
57813.825000009536 0.001183497264083655 0.004277831278459268
57813.87500000954 -0.0015994693851859008 0.005062721121803968
57814.02500000955 -0.002552372927103567 0.004786784233735258
57814.07500000955 -0.0015325215758143446 0.006874489748026584
57814.27500000956 -0.0009002857713631037 0.004249816937976456
57814.37500000957 -0.0014751296432592548 0.004267187925194835
57814.42500000957 -0.0014651118333959033 0.002799385829627867
57814.475000009574 -0.0019609998057799503 0.0033311645582645944
57814.57500000958 0.004775775225456586 0.003932608435527135
57814.62500000958 6.7549326508986596e-06 0.0041784497097372714
57814.72500000959 -0.0030124714789298013 0.0066448000421884396
57814.77500000959 -0.000896558094688149 0.0035206168723129804
57814.825000009594 -0.0001663903786975609 0.004069921262829169
57814.9250000096 0.001808250184475571 0.0025004601153262424
57814.9750000096 -0.0024829683631003813 0.0033400028257101755
57815.57500000964 -0.0016789257518465203 0.0038267958839784703
57815.72500000965 -0.0008636996210771091 0.005604605858630869
57815.77500000965 -0.0004236943326726075 0.0034606639177741376
57816.725000009705 -0.0005329716961555598 0.004663531331613589
57816.77500000971 -0.0022526781220801096 0.004180895245841257
57816.82500000971 -0.001633598297754453 0.002650979012146148
57817.27500000974 -0.0012503762362941668 0.002137531231387168
57817.37500000974 0.0008277467752194623 0.0030521898709530457
57817.47500000975 0.0011722232607240754 0.005419958610610361
57817.52500000975 -0.0028130981921889453 0.005638022311086141
57817.575000009754 -0.0007019938820380804 0.0012764687802468326
57817.62500000976 0.000981000021699635 0.0050638384218459325
57817.72500000976 0.000950897520752453 0.0036396308746436323
57817.775000009766 -0.00047702980105299923 0.002020847220007287
57817.925000009775 -0.0005058524989547824 0.0029455053758617304
57817.97500000978 0.0031750039871164233 0.005015044364013584
57819.22500000985 0.0012592436966680776 0.004725200053394252
57819.27500000985 0.00023408455989771087 0.004044458872082116
57819.475000009865 0.0007552197524398618 0.0030095828661488295
57819.52500000987 -0.0020867308255724526 0.005284555549255554
57819.62500000987 -0.0047095605846014695 0.006120185285822488
57819.67500000988 0.00348201087519253 0.001577965781488096
57819.77500000988 -0.001547310153572845 0.005255412292325227
57820.0250000099 -0.001262047427684296 0.0036717738086189293
57820.175000009905 -0.0008253034750660637 0.004447761112303495
57820.22500000991 -0.0020746414727238916 0.0053737347758735805
57820.27500000991 -0.0006130990839930776 0.004932930939803335
57820.37500000992 -0.001419627299800244 0.003692830078129821
57820.42500000992 0.00047128535001807333 0.00619393870251831
57820.525000009926 -0.001326160354823032 0.00468422440580922
57820.57500000993 0.0016680876128948184 0.005355349106442833
57820.62500000993 0.0009813035828475092 0.0046397299026740765
57820.72500000994 -0.0001734473978063196 0.0022471798059053427
57820.77500000994 -0.002011327936745202 0.0045163164141211395
57820.92500000995 0.0033942177002800967 0.002178346295709018
57821.12500000996 -0.0009299136040839222 0.0033993745492460806
57821.175000009964 0.0029643685021588373 0.0028647285046492542
57821.27500000997 0.0005456986626552057 0.0012320619141404832
57821.32500000997 -0.00043610306259495024 0.004282506723017646
57821.375000009975 -0.0017213855499064576 0.0050259537360099965
57821.525000009984 0.0016780722855538202 0.0052451196373883
57821.57500000999 -0.0037291197276296388 0.005260669290818502
57821.67500000999 0.0021970811999560877 0.0048714956645544115
57822.225000010025 -0.004437524162001117 0.0045131860691307035
57822.32500001003 0.001287383250475826 0.002748098843801615
57822.37500001003 -0.001205996266308268 0.004477897246192552
57822.42500001004 -0.0027804277589754387 0.003986615562911141
57822.47500001004 -2.8452374410100926e-05 0.004068364096338208
57822.52500001004 -4.0825401356139624e-05 0.006284195251876569
57822.62500001005 0.0009048508617987518 0.004623570670933826
57822.67500001005 -0.0011950609429646065 0.00408956823234841
57822.82500001006 0.0007310932924713022 0.004687689723336822
57823.275000010086 0.0010990650379735446 0.004237610868985701
57823.37500001009 0.001028605223955227 0.003557406925120788
57823.425000010095 -0.0008404348514918274 0.00425892697926347
57823.775000010115 0.0007779870452656033 0.005881450958878499
57823.97500001013 -0.00040891857926734284 0.005751768367218592
57824.22500001014 0.0013912300131805001 0.00557218077997403
57824.52500001016 0.0021688589652830593 0.005909002435408574
57824.625000010165 0.0013918320072608403 0.004790830154260036
57824.67500001017 0.0009472418137474316 0.004200212976817006
57824.72500001017 -0.0002486155023039949 0.005877810048813074
57825.07500001019 -0.0005775666484457494 0.0046141630298452896
57825.475000010214 -0.0013064320378489195 0.005172269157012772
57825.62500001022 -3.076590110778088e-05 0.003218692343965356
57825.675000010226 -0.00042892083310073955 0.005496626546461704
57825.72500001023 -0.00014608147885045768 0.005227694780022515
57825.825000010234 -0.001676043734807274 0.005142159281116034
57825.87500001024 0.0011992214414551544 0.004809077418307201
57826.12500001025 0.001675042570655935 0.002175557990395253
57826.175000010255 0.0018913202808723889 0.005019496061058714
57826.22500001026 -0.0018185161934397753 0.004918231968875521
57826.62500001028 0.00011522396269405031 0.004066011080890952
57826.72500001029 0.0022537623025186532 0.003593381115905971
57826.77500001029 0.0004688335559923334 0.004841545594949482
57826.82500001029 -0.0007570617205707807 0.004456001664908439
57826.9250000103 -0.0006959034554977622 0.005547770819117787
57827.12500001031 -0.0012735183927256736 0.004245770489245187
57827.575000010336 -0.0014322290176603802 0.0020338786371406027
57827.67500001034 0.0009670203477996939 0.0033736268201104294
57827.725000010345 -0.0004317635319909367 0.005042397595279947
57827.875000010354 0.0003406753952964213 0.003507049259678301
57827.92500001036 0.002419269054767385 0.002736950019316185
57828.12500001037 0.0004928489374216712 0.005880794406195602
57828.225000010374 -0.00040616397039356565 0.005443617405086632
57828.27500001038 -0.00044641776287496405 0.006008416245062733
57828.32500001038 -0.0005933429973177955 0.00449575798898425
57828.425000010386 0.003047354471821521 0.003904199098810073
57828.47500001039 -0.0007539686503038564 0.005232845115727707
57828.52500001039 -0.0029984301613114467 0.0038108391183121516
57828.575000010394 0.0005256709966257711 0.004780192709107214
57828.6250000104 -0.0006054702386228073 0.005381545485842966
57828.6750000104 0.0023395460014039066 0.00278672461793745
57828.775000010406 0.0021544067207585776 0.0040078758942341764
57828.82500001041 -0.0014299233071589645 0.003967809458615892
57828.87500001041 -8.728150470619452e-07 0.0025736298973052796
57829.07500001042 -0.001309555828308617 0.004939388612495868
57829.17500001043 -0.002169999985800123 0.00402127178873382
57829.22500001043 0.0003076044679383352 0.0047416323822073985
57829.275000010435 0.002705229173504474 0.003918418513394782
57829.32500001044 -0.0005450087151410957 0.0038209804912382743
57829.37500001044 -0.00043740710361021617 0.004956841183228184
57829.425000010444 -0.0014351661686172448 0.00540208158604914
57829.52500001045 -0.0001209424647276293 0.0044386505293293604
57829.57500001045 0.000813751125581817 0.006224391567087308
57829.625000010456 0.0015054349855911466 0.0034931149119498237
57829.72500001046 -0.002276753046454307 0.0058737918844256115
57829.775000010464 0.0006501586041644747 0.005865135389333995
57829.82500001047 0.0007363327453561584 0.00516023292192753
57829.92500001047 0.0004678858838364386 0.005003123879299259
57830.125000010485 5.401392830573714e-05 0.005064505012572478
57830.17500001049 -0.0008384142327776363 0.004312038844591091
57830.27500001049 0.001152947034883285 0.004611414778448303
57830.325000010496 -0.002067646920229412 0.00440953105622117
57830.3750000105 -0.0004456119921704406 0.005303171773670747
57830.475000010505 0.0008481567325144286 0.004887229126334867
57830.52500001051 -0.002425450110788193 0.004688015984029119
57830.57500001051 -0.0015017035997443883 0.004431289269006223
57830.625000010514 0.0012243483669815147 0.0038396209670644985
57830.67500001052 0.00023441087605896008 0.004432510835948389
57830.72500001052 0.0006665935285306837 0.0036715408566496753
57830.77500001052 -0.0007459282297955366 0.003412832480860943
57830.825000010525 -0.003102818451946572 0.0037883739329739193
57830.87500001053 -0.0007830335672705773 0.004334508006211591
57830.92500001053 -0.0019747260967829085 0.00420825867249638
57831.12500001054 -0.0011262855919469516 0.006846069985254048
57831.22500001055 -0.0014818427226567948 0.0053008928001488445
57831.27500001055 0.0003595638266142842 0.005342751075781481
57831.325000010555 0.0024577862246720804 0.005287127824605085
57831.37500001056 -0.0028077761618532002 0.004182122880930321
57831.42500001056 0.000362262062264261 0.004609731748656629
57831.47500001056 0.000606006916713742 0.004615080881439781
57831.525000010566 -0.0024843080115049543 0.0068215507720387975
57831.57500001057 -0.00017034461898951525 0.004900138560453398
57831.62500001057 0.0016236205739591923 0.0049810456723215785
57831.675000010575 -0.002826757673347291 0.004025291041726251
57831.87500001059 2.3461160336555954e-05 0.005209670765952752
57832.0750000106 0.0030995394901676926 0.004122911793741417
57832.1250000106 -0.001061464230681573 0.0016545616660822021
57832.175000010604 -2.6909069213499575e-05 0.0034699482691849335
57832.22500001061 0.0002999098884377012 0.004668297134585796
57832.32500001061 0.0003565930155345158 0.0047624503005943035
57832.375000010616 -0.0009571209226285447 0.004709475554058887
57832.42500001062 0.002181961257701611 0.004109397485365554
57832.525000010624 0.0012730490070683499 0.0057639312202562186
57832.57500001063 -0.0008841010445727961 0.003732415440931847
57832.62500001063 -0.0007337304938717379 0.0047268800271556815
57832.725000010636 0.002035032845957576 0.0039293325627114154
57832.77500001064 0.002228744598772035 0.003831346247359403
57832.92500001065 -0.0005634397813068653 0.0029429995220047705
57833.12500001066 -0.0014981666395621374 0.004960903358449301
57833.17500001066 -0.0009453377428582581 0.004969459302260744
57833.27500001067 -0.0007089739328218053 0.0041134819601414945
57833.32500001067 0.002874359459780693 0.004406906026537759
57833.375000010674 -0.0011988553929016728 0.003805131672181517
57833.47500001068 -0.0009700270698881853 0.004142878911226062
57833.575000010685 -0.0002512242668752809 0.003898515733867131
57833.62500001069 6.645307457307594e-05 0.0045465243799683785
57834.12500001072 0.002302413634578147 0.003926493946757262
57834.22500001072 0.0023291406617018213 0.006379108269837004
