binned_flux_brite.dat
# %ECSV 0.9
# ---
# datatype:
# - {name: time, datatype: float64}
# - {name: flux, datatype: float64}
# - {name: ferr, datatype: float64}
# schema: astropy-2.0
time flux ferr
[from data line 1814]
57834.37500001073 0.0009602890286571723 0.0031905561021554002
57834.425000010735 0.00209422419189321 0.0038793876355217092
57834.575000010744 0.002792652833809668 0.0023652643945131432
57834.62500001075 -0.001113753267730629 0.0045293168466890256
57834.67500001075 -0.002259601341824398 0.004048377423291311
57834.775000010755 0.0018752777850082033 0.0052574758076506
57834.82500001076 0.0014066553571821998 0.005024484801304086
57834.87500001076 -0.0003775525864407809 0.004539301609930885
57835.07500001077 -0.0004256029273216999 0.002391053340547383
57835.125000010776 -0.0011492066911039712 0.0038222273831088984
57835.17500001078 -0.0007281436114564356 0.004962270053069455
57835.22500001078 0.00039560126758761513 0.00435758285631017
57835.32500001079 0.0036589119760827146 0.005623532662016029
57835.37500001079 0.0009353070291613562 0.00493604886789686
57835.625000010805 0.0015001850844701561 0.004524047127535208
57835.72500001081 -0.002237224232856235 0.003912590652120581
57835.77500001081 -0.0004715039443440675 0.004908772869066804
57835.82500001082 -0.0012388822765913145 0.0026562774251756064
57835.87500001082 -0.0003810290672751018 0.005141924461364085
57835.92500001082 0.0002641470862654584 0.0049599204804857
57836.125000010834 -9.717834874295987e-05 0.004797689093370609
57836.27500001084 -0.00015831840244474917 0.004163957123489817
57836.325000010846 -0.001864558154050611 0.004995826351267608
57836.37500001085 0.0017884974966786056 0.005216467744389442
57836.42500001085 0.0028344088475231455 0.005702275742796835
57836.52500001086 0.0007361185782258972 0.00442574652909368
57836.57500001086 0.00511330372415435 0.0049050240311377434
57836.62500001086 -1.0216477186723397e-05 0.005362360761751153
57836.675000010866 -5.847682615573082e-05 0.004014127547723798
57836.72500001087 0.001464443446015211 0.006821650182628722
57836.825000010875 0.0016031848872723267 0.002959577354112394
57836.87500001088 0.00043170865166134814 0.004588642028907232
57837.07500001089 0.0029057821272186943 0.004053567259058119
57837.12500001089 0.0017116348427209322 0.0038998019238002703
57837.175000010895 -0.0010465876300445737 0.005396131329383932
57837.2250000109 0.0002594766413284764 0.005886060615678196
57837.2750000109 0.0024039978119448266 0.005559466668831001
57837.37500001091 0.0013979809870184837 0.0046871848571222235
57837.42500001091 0.00030569829402361896 0.004115605105859612
57837.47500001091 0.000947872108393058 0.004485903804632411
57837.57500001092 4.307187678522712e-05 0.004524039805225981
57837.62500001092 0.002013439748864291 0.004934179290037969
57837.675000010924 -0.004115665831915673 0.003019616113429167
57837.82500001093 0.0007490775952040181 0.004860204103219123
57837.875000010936 0.0002141086482249987 0.00425604886718885
57837.92500001094 0.004554057994782634 0.0036307383775473906
57838.12500001095 -0.0007647636436200922 0.005195852711599453
57838.17500001095 -0.0011712339145994294 0.004292733127381744
57838.225000010956 0.002810320431208872 0.004161959562463432
57838.32500001096 -0.0033691793398846243 0.0049584262538087676
57838.375000010965 -0.0031942011399185137 0.003483906460206543
57838.42500001097 0.001383510937442414 0.004860066177665075
57838.52500001097 -0.0002867502250785208 0.005107375901162313
57838.57500001098 -0.0011371755535790765 0.00561459111459807
57838.62500001098 -0.0026360785497029876 0.004515199577608285
57838.67500001098 -0.002298581786830008 0.0033756459734137424
57838.725000010985 -0.0003642902321544087 0.004300936143420013
57838.77500001099 0.0020406875382758486 0.004430054085174927
57838.875000010994 0.0026038788273448988 0.005176611387174551
57838.925000011 -0.0023261923367960454 0.005109632950054413
57839.12500001101 0.0009819652608433612 0.003777793214788554
57839.17500001101 -0.0009264495182818344 0.005168007361817763
57839.27500001102 0.0009932438870490223 0.00587801362776356
57839.32500001102 0.0022757919298467912 0.004747814143094667
57839.37500001102 0.0004601342667957848 0.005809529331755723
57839.425000011026 -0.002571361476904327 0.004655021077588775
57839.47500001103 -6.571746352661413e-05 0.005427566514089022
57839.52500001103 -0.0013533291297735711 0.004045227112308964
57839.62500001104 0.0021421654249551415 0.004796386850605001
57839.72500001104 -0.0011984405777456242 0.005010740375843398
57840.075000011064 -0.0008027003093595371 0.004465285746315882
57840.275000011075 0.004061533915468868 0.005964691237609235
57840.37500001108 0.001545368245050388 0.004315281213624979
57840.47500001109 0.0016329941812677003 0.004423865133009565
57840.57500001109 -0.0014297860791950153 0.0050699317626602125
57840.625000011096 -0.002282150958813789 0.004593564543846483
57840.6750000111 0.0012188323330948056 0.005503674232797055
57840.775000011105 -0.00037854628589059083 0.005462679979045042
57840.82500001111 0.002542022608808171 0.004863670611616237
57841.17500001113 -1.7542999359591397e-05 0.004209724509033402
57841.22500001113 -0.0006564669195360978 0.005783537182693397
57841.32500001114 -0.0010909476682278596 0.00602959268755964
57841.37500001114 -7.244938567554658e-05 0.004463290495916787
57841.42500001114 0.0021987449096322153 0.00477387379065535
57841.475000011145 0.0010290322025423293 0.0017633114260339354
57841.52500001115 0.0007240014454096671 0.004158566032701055
57841.57500001115 0.0006692982551991531 0.004194497082668051
57841.67500001116 -0.00021907356347639518 0.005321446381514185
57841.77500001116 -0.003450843498941684 0.004881799832661215
57841.87500001117 -0.0005693179437703718 0.004098460512183924
57841.92500001117 0.00088186088169342 0.004102721399479542
57842.325000011195 0.00036907409984671867 0.004986440412997001
57842.4250000112 -0.0035039727355832334 0.00702447267393861
57842.52500001121 0.002401489612166728 0.004557293523446488
57842.62500001121 8.036750546939449e-05 0.004631444363646884
57842.675000011215 0.0017117770671531826 0.00519216792392737
57842.72500001122 0.00045661249259045493 0.004533511050537879
57842.825000011224 0.00033650270469663993 0.004100593755617085
57842.87500001123 -0.0032323351549754698 0.0044676707089886265
57843.175000011244 4.1382885188551945e-05 0.0039059173997156586
57843.22500001125 -0.002121657265820964 0.004344262845544154
57843.27500001125 0.0006843659503933862 0.004996908105040153
57843.375000011256 -0.0004969305995051002 0.005210186707955439
57843.42500001126 0.0007528191332809575 0.005105007353121095
57843.47500001126 -0.0008089362432162718 0.005006812418860794
57843.57500001127 -0.0005359844073995694 0.005454267553935399
57843.62500001127 -0.002671126741612473 0.0036424177741498013
57843.67500001127 0.0009042269786027917 0.00593022772393066
57843.725000011276 0.0006257595250960892 0.004730844445446543
57843.77500001128 -0.0015066682407548799 0.004056712615137399
57843.82500001128 -0.004542892157178464 0.006084620784754943
57844.025000011294 -6.711248366918375e-08 0.004808941753892156
57844.1250000113 0.00029767588020017296 0.004792968114646856
57844.1750000113 0.0023032170463514164 0.005505358435899541
57844.225000011305 -0.0005093218470700197 0.006193906511324807
57844.32500001131 -0.0008802602452250056 0.004982692793848497
57844.375000011314 -0.0005024173885424335 0.004668870616675012
57844.42500001132 3.929892054788902e-05 0.006185627317573043
57844.47500001132 0.0002781486541902703 0.0046330728737623995
57844.52500001132 0.002833476348282374 0.005743045055623002
57844.575000011326 0.0002871105252395104 0.005349923848832916
57844.67500001133 -0.000797739191530585 0.004830032377311036
57844.725000011334 2.1219217592496502e-05 0.004042327893212156
57844.77500001134 0.002141224942807762 0.00532784821540147
57844.87500001134 -0.002663839983357852 0.004885780301863996
57844.97500001135 -0.0014748020380541866 0.0032467904399335083
57845.075000011355 -0.0011609066473001676 0.005338004021308722
57845.12500001136 0.002427879578574151 0.004939948069518371
57845.17500001136 0.00011033626354230794 0.005173632651299681
57845.22500001136 -0.0006049834951575462 0.005722988462371035
57845.27500001137 -0.002926421527976748 0.005720995332317611
57845.32500001137 0.001862785564199201 0.006309706024207593
57845.425000011375 0.003021014713104598 0.0020864513525999016
57845.47500001138 -0.0022334772222336774 0.005513554306578225
57845.52500001138 0.0013867111198820811 0.005457794061356308
57845.62500001139 0.0009558369954935122 0.006346445047758433
57845.67500001139 0.00019422380902691947 0.00463285369415989
57845.72500001139 0.0013774814205009427 0.006165605396332686
57845.8250000114 -0.0024665699380384274 0.004341327246484911
57845.8750000114 -0.0013526761841036949 0.004629771649004204
57846.02500001141 0.0025580686385431963 0.004176769205719229
57846.07500001141 -0.0002088829413232444 0.005791625711720506
57846.17500001142 -0.00017513119215040174 0.004741949241530831
57846.22500001142 0.0013773364184408627 0.005402411279397699
57846.275000011425 0.00022090375852131308 0.004682118378728617
57846.37500001143 -0.00044779569450235164 0.00562198656330143
57846.42500001143 0.0005555960571313321 0.006148648074735843
57846.475000011436 0.003638072679409469 0.004627399546038668
57846.57500001144 0.0011110863060775696 0.00641566962076666
57846.625000011445 -0.0009262232476954494 0.00425129865469386
57846.67500001145 -0.0022211283062174127 0.003249686110135489
57846.72500001145 -0.0038318793225210336 0.003495065564201951
57846.775000011454 0.0009975058199614543 0.006463295412610115
57846.82500001146 2.0608895267004712e-05 0.005171666441126542
57846.975000011465 0.0009654494944841978 0.00437543367652093
57847.02500001147 -0.0007070893044308793 0.005657404609240778
57847.125000011474 1.8351035873596023e-05 0.006476755272041169
57847.17500001148 -0.0008078679291740815 0.005979780995046952
57847.22500001148 -0.0022531581763405484 0.005147292160860817
57847.27500001148 -0.0011572841533936857 0.0030629188734472472
57847.37500001149 0.0007671736962043374 0.0052068520167947085
57847.475000011495 -0.00016361797122086647 0.006224187109286962
57847.5250000115 -0.003542557260927222 0.006529358617213555
57847.5750000115 0.00010748168685129623 0.00461905348907545
57847.77500001151 0.0005177188590786974 0.004247513944684362
57847.87500001152 -0.000607275866894622 0.005875570694864719
57847.92500001152 -0.0006031132274737823 0.004505297190488336
57848.02500001153 0.0003136298959492967 0.002179554209871689
57848.07500001153 -0.0009088208074687553 0.006728886997282832
57848.27500001154 0.0016012847480190928 0.004300951408458493
57848.525000011556 0.0013936878287014176 0.005463283427550575
57848.62500001156 0.001670562398297369 0.005551495047750088
57848.675000011564 -0.0005333825534981467 0.004978280389586238
57848.72500001157 0.0003140926080857043 0.005559552765031593
57848.77500001157 -0.002581552836148452 0.005384782800578643
57848.82500001157 0.0013449488017505762 0.006869178022732544
57848.875000011576 -0.0008602436412153487 0.005516513049736182
57848.97500001158 0.0005985346557232651 0.0053993535264508985
57849.07500001159 0.0016817199993904575 0.0036296806680567164
57849.2250000116 0.0015266796505406307 0.004951796186533458
57849.2750000116 -0.0002775581677270852 0.005187586476690746
57849.375000011605 -0.0005918317838138522 0.005490832158678452
57849.42500001161 0.0031252467286124073 0.006849979219477031
57849.57500001162 -0.00012902991576970295 0.005517949338129312
57849.62500001162 0.0006222020489756508 0.0038263598071836347
57849.725000011626 0.000559146832643754 0.004595506438728975
57849.82500001163 0.000465220108534068 0.005965159087626253
57849.97500001164 -0.0007476590732464983 0.0054121540538096535
57850.27500001166 -0.002345418241423458 0.0060416395064339795
57850.32500001166 0.002691455706486036 0.0054002498554501
57850.37500001166 -0.002630083283396738 0.006001268162068222
57850.47500001167 -0.0015470806995794464 0.004906891105244741
57850.52500001167 -0.0017324162653306267 0.006401357712292571
57850.575000011675 -0.0006960626060677647 0.004227254152184494
57850.67500001168 -0.0017998582737811734 0.006169916151636816
57850.725000011684 -0.0026792480626345585 0.005962804042268533
57850.77500001169 -0.0009171170994870454 0.006764681816002927
57850.87500001169 0.0013053474435232107 0.006514676424114128
57851.12500001171 0.001867715654802069 0.004298204081575569
57851.22500001171 0.0034846734891142497 0.005362214656599512
57851.32500001172 -0.0029996318478706222 0.007008122827211695
57851.425000011724 0.002083092259651864 0.005541374583455558
57851.47500001173 0.0021436562962117343 0.005426673720410029
57851.625000011736 -0.0017087354369836724 0.003397494990471951
57851.67500001174 0.0024075880811387624 0.005465603592777151
57851.72500001174 -0.0001922054835660658 0.004642356236055931
57851.775000011745 9.258390994137944e-05 0.0064245475275554785
57851.82500001175 -0.0023873560075837346 0.005960875920486435
57851.87500001175 -0.0012790650622635685 0.006377899872467014
57851.97500001176 0.0037313654152885643 0.006619616165716091
57852.17500001177 -0.0016016866604415699 0.0038602025277086295
57852.22500001177 -0.0018105142574149366 0.0064544646406619645
57852.275000011774 0.0038638961357191828 0.004081597745421339
57852.32500001178 0.003245134247098469 0.005283748927493044
57852.37500001178 -0.0005739151106296333 0.006520470805809671
57852.42500001178 -0.00242607776852938 0.00583351264223962
57852.475000011786 -0.0025176863216369396 0.0028734186699915687
57852.52500001179 -0.0017200915089721346 0.006844015180687298
57852.57500001179 -4.409597507441335e-06 0.004224178841701035
57852.7250000118 -0.00042524968829328743 0.005083620020951365
57852.7750000118 0.00015627299453848235 0.006550737783869298
57852.825000011806 0.0008316739209396721 0.005540150390244521
57852.975000011815 -0.0029835157218345365 0.006243429060272691
57853.175000011826 0.0002932671604884712 0.004353925894501329
57853.22500001183 0.008108064301501294 0.0016606099289797774
57853.27500001183 -0.003207019646000712 0.00542482350819033
57853.325000011835 -0.0029714466154715192 0.0059551013638303165
57853.37500001184 -0.00033945992368223537 0.005107536243135313
57853.475000011844 0.002760555275217769 0.00545400033510099
57853.52500001185 0.0014708366609136002 0.005519440468596496
57853.57500001185 -0.0027046204406437294 0.0055706919943031025
57853.675000011855 -0.001813439491654012 0.005429416325688637
57853.72500001186 0.00030285539942884816 0.005076973477496983
57853.77500001186 0.0006774170465808696 0.0054956604038684355
57853.825000011864 0.00318796156009322 0.007276400365956866
57853.87500001187 -0.0005298052342602573 0.005231665413945909
57854.025000011876 0.0016756632463596531 0.0062120839208287286
57854.12500001188 -0.0012384588552059367 0.0032858400652220664
57854.22500001189 -0.002803763480511178 0.004264240844796657
57854.27500001189 0.0021821963251879204 0.001642931441011431
57854.32500001189 0.0001820112135960242 0.004579217643676093
57854.4250000119 0.0002558333976149497 0.0033372993378434496
57854.525000011905 0.0006643218478021851 0.0035000579433896923
57854.57500001191 0.0030613526250152325 0.0054326265318525154
57854.62500001191 0.0003728245051674196 0.005361433710735109
57854.675000011914 0.0005239743818216125 0.006334223472818966
57854.875000011925 0.0006170071132189967 0.005559100239161149
57855.375000011954 0.0031410075234687973 0.0035922090898893454
57855.42500001196 -9.014707164349242e-05 0.0050630645513581275
57855.575000011966 -0.0008069818083783487 0.006673864816133719
57855.725000011975 0.0012747684240907095 0.006113475782803075
57855.77500001198 0.0015459349557165826 0.005533606474556835
57855.82500001198 -0.0015577853502015645 0.00472189265254488
57855.92500001199 -0.0013139017730139184 0.006064028339122214
57856.67500001203 -0.0018131999634437496 0.005259269628762318
57856.72500001203 -0.0009001517224913781 0.004674447395169311
57856.87500001204 -0.0010877200248510688 0.006209498084902047
57857.275000012065 -0.0036916791175423164 0.005250065152924581
